target_base	locus_index	reference_index	target_strand	read_index	read_pos	template_pos	expected_read_base	expected_template_base	variant_read_base	variant_template_base	A1	C1	G1	T1	A2	C2	G2	T2	A3	C3	G3	T3	A5	C5	G5	T5	A10	C10	G10	T10	A15	C15	G15	T15	A20	C20	G20	T20
0	25	0	+	1	0	0	A	A	-	-	11044	0	1	1	896	0	0	0	60	0	0	0	0	0	0	0	0	0	0	0	0	0	0	0	0	0	0	0
0	25	0	+	1	1	1	C	C	-	-	1	11044	0	1	0	896	0	0	0	60	0	0	0	0	0	0	0	0	0	0	0	0	0	0	0	0	0	0
0	25	0	+	1	2	2	A	A	-	-	11045	0	0	1	896	0	0	0	60	0	0	0	0	0	0	0	0	0	0	0	0	0	0	0	0	0	0	0
0	25	0	+	1	3	3	T	T	-	-	1	0	0	11045	0	0	0	896	0	0	0	60	0	0	0	0	0	0	0	0	0	0	0	0	0	0	0	0
0	25	0	+	1	4	4	A	A	-	-	11046	0	0	0	896	0	0	0	60	0	0	0	0	0	0	0	0	0	0	0	0	0	0	0	0	0	0	0
0	25	0	+	1	5	5	A	A	-	-	11045	0	1	0	896	0	0	0	60	0	0	0	0	0	0	0	0	0	0	0	0	0	0	0	0	0	0	0
0	25	0	+	1	6	6	T	T	-	-	0	0	0	11046	0	0	0	896	0	0	0	60	0	0	0	0	0	0	0	0	0	0	0	0	0	0	0	0
0	25	0	+	1	7	7	T	T	-	-	0	3	0	11042	0	1	0	894	0	0	0	59	0	0	0	0	0	0	0	0	0	0	0	0	0	0	0	0
0	25	0	+	1	8	8	G	G	-	-	1	1	11041	2	0	0	895	0	0	0	59	0	0	0	0	0	0	0	0	0	0	0	0	0	0	0	0	0
0	25	0	+	1	9	9	A	A	-	-	11041	0	2	3	896	0	0	0	60	0	0	0	0	0	0	0	0	0	0	0	0	0	0	0	0	0	0	0
0	25	0	+	1	10	10	T	T	-	-	1	1	11	11033	0	0	0	896	0	0	0	60	0	0	0	0	0	0	0	0	0	0	0	0	0	0	0	0
0	25	0	+	1	11	11	A	A	-	-	11040	0	5	0	895	0	0	0	59	0	0	0	0	0	0	0	0	0	0	0	0	0	0	0	0	0	0	0
0	25	0	+	1	12	12	C	C	-	-	2	11039	1	1	0	893	0	0	0	60	0	0	0	0	0	0	0	0	0	0	0	0	0	0	0	0	0	0
0	25	0	+	1	13	13	C	C	-	-	3	11039	0	3	0	895	0	0	0	59	0	0	0	0	0	0	0	0	0	0	0	0	0	0	0	0	0	0
0	25	0	+	1	14	14	A	A	-	-	11044	0	0	1	895	0	0	0	60	0	0	0	0	0	0	0	0	0	0	0	0	0	0	0	0	0	0	0
0	25	0	+	1	15	15	T	T	-	-	1	0	0	11044	0	0	0	895	0	0	0	60	0	0	0	0	0	0	0	0	0	0	0	0	0	0	0	0
0	25	0	+	1	16	16	C	C	-	-	0	11044	0	1	0	895	0	0	0	60	0	0	0	0	0	0	0	0	0	0	0	0	0	0	0	0	0	0
0	25	0	+	1	17	17	T	T	-	-	3	3	0	11039	0	0	0	895	0	0	0	59	0	0	0	0	0	0	0	0	0	0	0	0	0	0	0	0
0	25	0	+	1	18	18	A	A	-	-	11045	0	1	0	896	0	0	0	60	0	0	0	0	0	0	0	0	0	0	0	0	0	0	0	0	0	0	0
0	25	0	+	1	19	19	G	G	-	-	0	0	11040	4	0	0	894	0	0	0	59	0	0	0	0	0	0	0	0	0	0	0	0	0	0	0	0	0
0	25	0	+	1	20	20	C	C	-	-	2	11041	0	1	0	894	0	0	0	60	0	0	0	0	0	0	0	0	0	0	0	0	0	0	0	0	0	0
0	25	0	+	1	21	21	C	C	-	-	1	11042	1	2	0	896	0	0	0	60	0	0	0	0	0	0	0	0	0	0	0	0	0	0	0	0	0	0
0	25	0	+	1	22	22	T	T	-	-	2	1	1	11042	0	0	0	896	0	0	0	60	0	0	0	0	0	0	0	0	0	0	0	0	0	0	0	0
0	25	0	+	1	23	23	T	T	-	-	0	0	0	11046	0	0	0	896	0	0	0	60	0	0	0	0	0	0	0	0	0	0	0	0	0	0	0	0
0	25	0	+	1	24	24	T	T	-	-	0	0	0	11046	0	0	0	896	0	0	0	60	0	0	0	0	0	0	0	0	0	0	0	0	0	0	0	0
0	25	0	+	1	25	25	A	A	-	-	11043	1	0	2	896	0	0	0	60	0	0	0	0	0	0	0	0	0	0	0	0	0	0	0	0	0	0	0
0	25	0	+	1	26	26	T	T	-	-	1	1	0	11044	0	0	0	896	0	0	0	60	0	0	0	0	0	0	0	0	0	0	0	0	0	0	0	0
0	25	0	+	1	27	27	T	T	-	-	0	0	0	11046	0	0	0	896	0	0	0	60	0	0	0	0	0	0	0	0	0	0	0	0	0	0	0	0
0	25	0	+	1	28	28	T	T	-	-	2	2	0	11041	0	0	0	895	0	0	0	60	0	0	0	0	0	0	0	0	0	0	0	0	0	0	0	0
2	25	0	+	1	29	29	A	A	G	G	11041	1	2	0	894	0	0	0	59	0	0	0	0	0	0	0	0	0	0	0	0	0	0	0	0	0	0	0
0	25	0	+	1	30	30	C	C	-	-	2	11041	0	1	0	894	0	0	0	60	0	0	0	0	0	0	0	0	0	0	0	0	0	0	0	0	0	0
0	25	0	+	1	31	31	A	A	-	-	11041	1	3	0	895	0	0	0	60	0	0	0	0	0	0	0	0	0	0	0	0	0	0	0	0	0	0	0
0	25	0	+	1	32	32	G	G	-	-	1	0	11040	4	0	0	895	0	0	0	59	0	0	0	0	0	0	0	0	0	0	0	0	0	0	0	0	0
0	25	0	+	1	33	33	C	C	-	-	0	11042	0	4	0	896	0	0	0	60	0	0	0	0	0	0	0	0	0	0	0	0	0	0	0	0	0	0
0	25	0	+	1	34	34	A	A	-	-	11045	0	1	0	896	0	0	0	60	0	0	0	0	0	0	0	0	0	0	0	0	0	0	0	0	0	0	0
0	25	0	+	1	35	35	A	A	-	-	11046	0	0	0	896	0	0	0	60	0	0	0	0	0	0	0	0	0	0	0	0	0	0	0	0	0	0	0
0	25	0	+	1	36	36	T	T	-	-	1	5	1	11038	0	1	0	894	0	0	0	60	0	0	0	0	0	0	0	0	0	0	0	0	0	0	0	0
0	25	0	+	1	37	37	C	C	-	-	1	11042	1	2	0	896	0	0	0	60	0	0	0	0	0	0	0	0	0	0	0	0	0	0	0	0	0	0
0	25	0	+	2	0	37	G	C	-	-	2	1	11042	1	0	0	896	0	0	0	60	0	0	0	0	0	0	0	0	0	0	0	0	0	0	0	0	0
0	25	0	+	2	1	36	A	T	-	-	11036	2	5	1	893	0	1	0	60	0	0	0	0	0	0	0	0	0	0	0	0	0	0	0	0	0	0	0
0	25	0	+	2	2	35	T	A	-	-	0	1	0	11045	0	0	0	896	0	0	0	60	0	0	0	0	0	0	0	0	0	0	0	0	0	0	0	0
0	25	0	+	2	3	34	T	A	-	-	0	1	0	11045	0	0	0	896	0	0	0	60	0	0	0	0	0	0	0	0	0	0	0	0	0	0	0	0
0	25	0	+	2	4	33	G	C	-	-	3	0	11042	1	0	0	896	0	0	0	60	0	0	0	0	0	0	0	0	0	0	0	0	0	0	0	0	0
0	25	0	+	2	5	32	C	G	-	-	3	11041	0	1	0	895	0	0	0	59	0	0	0	0	0	0	0	0	0	0	0	0	0	0	0	0	0	0
0	25	0	+	2	6	31	T	A	-	-	0	4	2	11039	0	0	0	895	0	0	0	60	0	0	0	0	0	0	0	0	0	0	0	0	0	0	0	0
0	25	0	+	2	7	30	G	C	-	-	1	0	11041	2	0	0	894	0	0	0	60	0	0	0	0	0	0	0	0	0	0	0	0	0	0	0	0	0
2	25	0	+	2	8	29	T	A	C	G	1	3	2	11039	0	0	0	895	0	0	0	59	0	0	0	0	0	0	0	0	0	0	0	0	0	0	0	0
0	25	0	+	2	9	28	A	T	-	-	11042	0	2	1	895	0	0	0	60	0	0	0	0	0	0	0	0	0	0	0	0	0	0	0	0	0	0	0
0	25	0	+	2	10	27	A	T	-	-	11046	0	0	0	896	0	0	0	60	0	0	0	0	0	0	0	0	0	0	0	0	0	0	0	0	0	0	0
0	25	0	+	2	11	26	A	T	-	-	11043	0	1	2	896	0	0	0	60	0	0	0	0	0	0	0	0	0	0	0	0	0	0	0	0	0	0	0
0	25	0	+	2	12	25	T	A	-	-	0	0	0	11046	0	0	0	896	0	0	0	60	0	0	0	0	0	0	0	0	0	0	0	0	0	0	0	0
0	25	0	+	2	13	24	A	T	-	-	11045	0	0	0	895	0	0	0	60	0	0	0	0	0	0	0	0	0	0	0	0	0	0	0	0	0	0	0
0	25	0	+	2	14	23	A	T	-	-	11044	0	0	1	895	0	0	0	60	0	0	0	0	0	0	0	0	0	0	0	0	0	0	0	0	0	0	0
0	25	0	+	2	15	22	A	T	-	-	11042	0	2	2	896	0	0	0	60	0	0	0	0	0	0	0	0	0	0	0	0	0	0	0	0	0	0	0
0	25	0	+	2	16	21	G	C	-	-	1	1	11040	2	0	0	894	0	0	0	60	0	0	0	0	0	0	0	0	0	0	0	0	0	0	0	0	0
0	25	0	+	2	17	20	G	C	-	-	2	0	11041	2	0	0	895	0	0	0	60	0	0	0	0	0	0	0	0	0	0	0	0	0	0	0	0	0
0	25	0	+	2	18	19	C	G	-	-	2	11044	0	0	0	896	0	0	0	60	0	0	0	0	0	0	0	0	0	0	0	0	0	0	0	0	0	0
0	25	0	+	2	19	18	T	A	-	-	0	1	2	11043	0	0	0	896	0	0	0	60	0	0	0	0	0	0	0	0	0	0	0	0	0	0	0	0
0	25	0	+	2	20	17	A	T	-	-	11041	0	4	0	895	0	0	0	59	0	0	0	0	0	0	0	0	0	0	0	0	0	0	0	0	0	0	0
0	25	0	+	2	21	16	G	C	-	-	0	0	11046	0	0	0	896	0	0	0	60	0	0	0	0	0	0	0	0	0	0	0	0	0	0	0	0	0
0	25	0	+	2	22	15	A	T	-	-	11042	0	0	2	894	0	0	0	60	0	0	0	0	0	0	0	0	0	0	0	0	0	0	0	0	0	0	0
0	25	0	+	2	23	14	T	A	-	-	0	0	0	11046	0	0	0	896	0	0	0	60	0	0	0	0	0	0	0	0	0	0	0	0	0	0	0	0
0	25	0	+	2	24	13	G	C	-	-	2	0	11041	2	0	0	895	0	0	0	60	0	0	0	0	0	0	0	0	0	0	0	0	0	0	0	0	0
0	25	0	+	2	25	12	G	C	-	-	2	1	11040	2	0	0	895	0	0	0	60	0	0	0	0	0	0	0	0	0	0	0	0	0	0	0	0	0
0	25	0	+	2	26	11	T	A	-	-	24	15	9	10982	0	0	0	880	0	0	0	59	0	0	0	0	0	0	0	0	0	0	0	0	0	0	0	0
0	25	0	+	2	27	10	A	T	-	-	11042	0	1	3	896	0	0	0	60	0	0	0	0	0	0	0	0	0	0	0	0	0	0	0	0	0	0	0
0	25	0	+	2	28	9	T	A	-	-	1	2	2	11041	0	0	0	896	0	0	0	60	0	0	0	0	0	0	0	0	0	0	0	0	0	0	0	0
0	25	0	+	2	29	8	C	G	-	-	1	11043	1	0	0	895	0	0	0	60	0	0	0	0	0	0	0	0	0	0	0	0	0	0	0	0	0	0
0	25	0	+	2	30	7	A	T	-	-	11043	0	3	0	895	0	1	0	60	0	0	0	0	0	0	0	0	0	0	0	0	0	0	0	0	0	0	0
0	25	0	+	2	31	6	A	T	-	-	11045	1	0	0	896	0	0	0	60	0	0	0	0	0	0	0	0	0	0	0	0	0	0	0	0	0	0	0
0	25	0	+	2	32	5	T	A	-	-	0	1	0	11045	0	0	0	896	0	0	0	60	0	0	0	0	0	0	0	0	0	0	0	0	0	0	0	0
0	25	0	+	2	33	4	T	A	-	-	5	1	2	11035	0	0	0	893	0	0	0	59	0	0	0	0	0	0	0	0	0	0	0	0	0	0	0	0
0	25	0	+	2	34	3	A	T	-	-	11042	1	0	2	895	0	0	0	59	0	0	0	0	0	0	0	0	0	0	0	0	0	0	0	0	0	0	0
0	25	0	+	2	35	2	T	A	-	-	4	2	7	11029	0	0	0	892	0	0	0	59	0	0	0	0	0	0	0	0	0	0	0	0	0	0	0	0
0	25	0	+	2	36	1	G	C	-	-	3	0	11038	5	0	0	896	0	0	0	60	0	0	0	0	0	0	0	0	0	0	0	0	0	0	0	0	0
0	25	0	+	2	37	0	T	A	-	-	4	1	4	11031	0	0	0	890	0	0	0	60	0	0	0	0	0	0	0	0	0	0	0	0	0	0	0	0
