target_base	locus_index	reference_index	target_strand	read_index	read_pos	template_pos	expected_read_base	expected_template_base	variant_read_base	variant_template_base	A1	C1	G1	T1	A2	C2	G2	T2	A3	C3	G3	T3	A5	C5	G5	T5	A10	C10	G10	T10	A15	C15	G15	T15	A20	C20	G20	T20
0	26	0	+	1	0	0	C	C	-	-	2	7384	0	1	0	387	0	0	0	14	0	0	0	0	0	0	0	0	0	0	0	0	0	0	0	0	0	0
0	26	0	+	1	1	1	C	C	-	-	3	7384	0	1	0	388	0	0	0	15	0	0	0	0	0	0	0	0	0	0	0	0	0	0	0	0	0	0
0	26	0	+	1	2	2	T	T	-	-	0	2	0	7385	0	0	0	387	0	0	0	15	0	0	0	0	0	0	0	0	0	0	0	0	0	0	0	0
0	26	0	+	1	3	3	T	T	-	-	1	0	0	7387	0	0	0	388	0	0	0	15	0	0	0	0	0	0	0	0	0	0	0	0	0	0	0	0
0	26	0	+	1	4	4	C	C	-	-	0	7387	0	1	0	388	0	0	0	15	0	0	0	0	0	0	0	0	0	0	0	0	0	0	0	0	0	0
0	26	0	+	1	5	5	A	A	-	-	7385	1	1	0	387	0	0	0	15	0	0	0	0	0	0	0	0	0	0	0	0	0	0	0	0	0	0	0
0	26	0	+	1	6	6	C	C	-	-	0	7388	0	0	0	388	0	0	0	15	0	0	0	0	0	0	0	0	0	0	0	0	0	0	0	0	0	0
0	26	0	+	1	7	7	T	T	-	-	0	1	5	7382	0	0	0	388	0	0	0	15	0	0	0	0	0	0	0	0	0	0	0	0	0	0	0	0
0	26	0	+	1	8	8	A	A	-	-	7387	1	0	0	388	0	0	0	15	0	0	0	0	0	0	0	0	0	0	0	0	0	0	0	0	0	0	0
0	26	0	+	1	9	9	A	A	-	-	7384	0	2	2	388	0	0	0	15	0	0	0	0	0	0	0	0	0	0	0	0	0	0	0	0	0	0	0
0	26	0	+	1	10	10	G	G	-	-	0	1	7385	2	0	0	388	0	0	0	15	0	0	0	0	0	0	0	0	0	0	0	0	0	0	0	0	0
0	26	0	+	1	11	11	G	G	-	-	2	0	7372	14	0	0	388	0	0	0	15	0	0	0	0	0	0	0	0	0	0	0	0	0	0	0	0	0
0	26	0	+	1	12	12	G	G	-	-	0	0	7387	0	0	0	387	0	0	0	15	0	0	0	0	0	0	0	0	0	0	0	0	0	0	0	0	0
0	26	0	+	1	13	13	T	T	-	-	4	14	2	7368	0	0	0	388	0	0	0	15	0	0	0	0	0	0	0	0	0	0	0	0	0	0	0	0
0	26	0	+	1	14	14	C	C	-	-	1	7386	0	0	0	387	0	0	0	15	0	0	0	0	0	0	0	0	0	0	0	0	0	0	0	0	0	0
0	26	0	+	1	15	15	T	T	-	-	1	1	2	7381	0	0	0	385	0	0	0	15	0	0	0	0	0	0	0	0	0	0	0	0	0	0	0	0
0	26	0	+	1	16	16	T	T	-	-	0	2	0	7385	0	0	0	387	0	0	0	15	0	0	0	0	0	0	0	0	0	0	0	0	0	0	0	0
0	26	0	+	1	17	17	G	G	-	-	2	0	7386	0	0	0	388	0	0	0	15	0	0	0	0	0	0	0	0	0	0	0	0	0	0	0	0	0
0	26	0	+	1	18	18	A	A	-	-	7384	0	3	1	388	0	0	0	15	0	0	0	0	0	0	0	0	0	0	0	0	0	0	0	0	0	0	0
0	26	0	+	1	19	19	A	A	-	-	7387	0	1	0	388	0	0	0	15	0	0	0	0	0	0	0	0	0	0	0	0	0	0	0	0	0	0	0
0	26	0	+	1	20	20	A	A	-	-	7388	0	0	0	388	0	0	0	15	0	0	0	0	0	0	0	0	0	0	0	0	0	0	0	0	0	0	0
0	26	0	+	1	21	21	A	A	-	-	7382	3	2	1	388	0	0	0	15	0	0	0	0	0	0	0	0	0	0	0	0	0	0	0	0	0	0	0
0	26	0	+	1	22	22	A	A	-	-	7388	0	0	0	388	0	0	0	15	0	0	0	0	0	0	0	0	0	0	0	0	0	0	0	0	0	0	0
0	26	0	+	1	23	23	C	C	-	-	0	7387	0	1	0	388	0	0	0	15	0	0	0	0	0	0	0	0	0	0	0	0	0	0	0	0	0	0
0	26	0	+	1	24	24	T	T	-	-	0	1	0	7387	0	0	0	388	0	0	0	15	0	0	0	0	0	0	0	0	0	0	0	0	0	0	0	0
0	26	0	+	1	25	25	G	G	-	-	0	0	7383	5	0	0	388	0	0	0	15	0	0	0	0	0	0	0	0	0	0	0	0	0	0	0	0	0
0	26	0	+	1	26	26	G	G	-	-	1	0	7387	0	0	0	388	0	0	0	15	0	0	0	0	0	0	0	0	0	0	0	0	0	0	0	0	0
0	26	0	+	1	27	27	T	T	-	-	1	3	0	7383	0	0	0	387	0	0	0	15	0	0	0	0	0	0	0	0	0	0	0	0	0	0	0	0
0	26	0	+	1	28	28	C	C	-	-	1	7387	0	0	0	388	0	0	0	15	0	0	0	0	0	0	0	0	0	0	0	0	0	0	0	0	0	0
0	26	0	+	1	29	29	T	T	-	-	0	3	0	7385	0	0	0	388	0	0	0	15	0	0	0	0	0	0	0	0	0	0	0	0	0	0	0	0
0	26	0	+	1	30	30	G	G	-	-	1	2	7383	0	0	0	386	0	0	0	14	0	0	0	0	0	0	0	0	0	0	0	0	0	0	0	0	0
0	26	0	+	1	31	31	A	A	-	-	7385	0	2	1	388	0	0	0	15	0	0	0	0	0	0	0	0	0	0	0	0	0	0	0	0	0	0	0
0	26	0	+	1	32	32	A	A	-	-	7385	0	1	1	387	0	0	0	15	0	0	0	0	0	0	0	0	0	0	0	0	0	0	0	0	0	0	0
0	26	0	+	1	33	33	A	A	-	-	7386	0	1	1	388	0	0	0	15	0	0	0	0	0	0	0	0	0	0	0	0	0	0	0	0	0	0	0
0	26	0	+	1	34	34	C	C	-	-	0	7388	0	0	0	388	0	0	0	15	0	0	0	0	0	0	0	0	0	0	0	0	0	0	0	0	0	0
0	26	0	+	1	35	35	T	T	-	-	0	1	0	7387	0	0	0	388	0	0	0	15	0	0	0	0	0	0	0	0	0	0	0	0	0	0	0	0
0	26	0	+	1	36	36	C	C	-	-	0	7388	0	0	0	388	0	0	0	15	0	0	0	0	0	0	0	0	0	0	0	0	0	0	0	0	0	0
0	26	0	+	1	37	37	C	C	-	-	2	7383	1	2	0	388	0	0	0	15	0	0	0	0	0	0	0	0	0	0	0	0	0	0	0	0	0	0
0	26	0	+	1	38	38	G	G	-	-	1	0	7383	3	0	0	387	0	0	0	15	0	0	0	0	0	0	0	0	0	0	0	0	0	0	0	0	0
0	26	0	+	1	39	39	C	C	-	-	0	7388	0	0	0	388	0	0	0	15	0	0	0	0	0	0	0	0	0	0	0	0	0	0	0	0	0	0
0	26	0	+	1	40	40	T	T	-	-	1	3	0	7383	0	0	0	387	0	0	0	15	0	0	0	0	0	0	0	0	0	0	0	0	0	0	0	0
0	26	0	+	1	41	41	C	C	-	-	2	7386	0	0	0	388	0	0	0	15	0	0	0	0	0	0	0	0	0	0	0	0	0	0	0	0	0	0
2	26	0	+	1	42	42	C	C	T	T	4	7375	1	8	0	386	0	2	0	15	0	0	0	0	0	0	0	0	0	0	0	0	0	0	0	0	0	0
0	26	0	+	1	43	43	A	A	-	-	7386	0	0	0	386	0	0	0	14	0	0	0	0	0	0	0	0	0	0	0	0	0	0	0	0	0	0	0
0	26	0	+	1	44	44	G	G	-	-	1	0	7384	3	0	0	388	0	0	0	15	0	0	0	0	0	0	0	0	0	0	0	0	0	0	0	0	0
0	26	0	+	1	45	45	T	T	-	-	0	3	0	7385	0	0	0	388	0	0	0	15	0	0	0	0	0	0	0	0	0	0	0	0	0	0	0	0
0	26	0	+	1	46	46	A	A	-	-	7387	0	1	0	388	0	0	0	15	0	0	0	0	0	0	0	0	0	0	0	0	0	0	0	0	0	0	0
0	26	0	+	1	47	47	G	G	-	-	0	0	7386	2	0	0	388	0	0	0	15	0	0	0	0	0	0	0	0	0	0	0	0	0	0	0	0	0
0	26	0	+	1	48	48	A	A	-	-	7378	2	4	3	387	0	0	0	15	0	0	0	0	0	0	0	0	0	0	0	0	0	0	0	0	0	0	0
0	26	0	+	2	0	48	T	A	-	-	0	2	0	7386	0	0	0	388	0	0	0	15	0	0	0	0	0	0	0	0	0	0	0	0	0	0	0	0
0	26	0	+	2	1	47	C	G	-	-	2	7386	0	0	0	388	0	0	0	15	0	0	0	0	0	0	0	0	0	0	0	0	0	0	0	0	0	0
0	26	0	+	2	2	46	T	A	-	-	0	1	0	7387	0	0	0	388	0	0	0	15	0	0	0	0	0	0	0	0	0	0	0	0	0	0	0	0
0	26	0	+	2	3	45	A	T	-	-	7386	0	2	0	388	0	0	0	15	0	0	0	0	0	0	0	0	0	0	0	0	0	0	0	0	0	0	0
0	26	0	+	2	4	44	C	G	-	-	0	7387	0	1	0	388	0	0	0	15	0	0	0	0	0	0	0	0	0	0	0	0	0	0	0	0	0	0
0	26	0	+	2	5	43	T	A	-	-	0	0	0	7387	0	0	0	387	0	0	0	15	0	0	0	0	0	0	0	0	0	0	0	0	0	0	0	0
2	26	0	+	2	6	42	G	C	A	T	8	1	7376	3	2	0	386	0	0	0	15	0	0	0	0	0	0	0	0	0	0	0	0	0	0	0	0	0
0	26	0	+	2	7	41	G	C	-	-	0	0	7385	3	0	0	388	0	0	0	15	0	0	0	0	0	0	0	0	0	0	0	0	0	0	0	0	0
0	26	0	+	2	8	40	A	T	-	-	7385	0	0	2	387	0	0	0	15	0	0	0	0	0	0	0	0	0	0	0	0	0	0	0	0	0	0	0
0	26	0	+	2	9	39	G	C	-	-	1	0	7382	5	0	0	388	0	0	0	15	0	0	0	0	0	0	0	0	0	0	0	0	0	0	0	0	0
0	26	0	+	2	10	38	C	G	-	-	2	7382	0	3	0	387	0	0	0	15	0	0	0	0	0	0	0	0	0	0	0	0	0	0	0	0	0	0
0	26	0	+	2	11	37	G	C	-	-	3	1	7382	2	0	0	388	0	0	0	15	0	0	0	0	0	0	0	0	0	0	0	0	0	0	0	0	0
0	26	0	+	2	12	36	G	C	-	-	0	0	7387	1	0	0	388	0	0	0	15	0	0	0	0	0	0	0	0	0	0	0	0	0	0	0	0	0
0	26	0	+	2	13	35	A	T	-	-	7384	0	2	2	388	0	0	0	15	0	0	0	0	0	0	0	0	0	0	0	0	0	0	0	0	0	0	0
0	26	0	+	2	14	34	G	C	-	-	0	0	7388	0	0	0	388	0	0	0	15	0	0	0	0	0	0	0	0	0	0	0	0	0	0	0	0	0
0	26	0	+	2	15	33	T	A	-	-	2	1	0	7385	0	0	0	388	0	0	0	15	0	0	0	0	0	0	0	0	0	0	0	0	0	0	0	0
0	26	0	+	2	16	32	T	A	-	-	0	0	0	7388	0	0	0	388	0	0	0	15	0	0	0	0	0	0	0	0	0	0	0	0	0	0	0	0
0	26	0	+	2	17	31	T	A	-	-	0	2	0	7386	0	0	0	388	0	0	0	15	0	0	0	0	0	0	0	0	0	0	0	0	0	0	0	0
0	26	0	+	2	18	30	C	G	-	-	0	7382	2	2	0	386	0	0	0	14	0	0	0	0	0	0	0	0	0	0	0	0	0	0	0	0	0	0
0	26	0	+	2	19	29	A	T	-	-	7385	0	3	0	388	0	0	0	15	0	0	0	0	0	0	0	0	0	0	0	0	0	0	0	0	0	0	0
0	26	0	+	2	20	28	G	C	-	-	0	0	7386	1	0	0	387	0	0	0	15	0	0	0	0	0	0	0	0	0	0	0	0	0	0	0	0	0
0	26	0	+	2	21	27	A	T	-	-	7386	0	2	0	388	0	0	0	15	0	0	0	0	0	0	0	0	0	0	0	0	0	0	0	0	0	0	0
0	26	0	+	2	22	26	C	G	-	-	0	7388	0	0	0	388	0	0	0	15	0	0	0	0	0	0	0	0	0	0	0	0	0	0	0	0	0	0
0	26	0	+	2	23	25	C	G	-	-	5	7383	0	0	0	388	0	0	0	15	0	0	0	0	0	0	0	0	0	0	0	0	0	0	0	0	0	0
0	26	0	+	2	24	24	A	T	-	-	7387	0	1	0	388	0	0	0	15	0	0	0	0	0	0	0	0	0	0	0	0	0	0	0	0	0	0	0
0	26	0	+	2	25	23	G	C	-	-	0	0	7388	0	0	0	388	0	0	0	15	0	0	0	0	0	0	0	0	0	0	0	0	0	0	0	0	0
0	26	0	+	2	26	22	T	A	-	-	2	0	0	7385	0	0	0	387	0	0	0	14	0	0	0	0	0	0	0	0	0	0	0	0	0	0	0	0
0	26	0	+	2	27	21	T	A	-	-	1	3	0	7384	0	0	0	388	0	0	0	15	0	0	0	0	0	0	0	0	0	0	0	0	0	0	0	0
0	26	0	+	2	28	20	T	A	-	-	0	0	0	7388	0	0	0	388	0	0	0	15	0	0	0	0	0	0	0	0	0	0	0	0	0	0	0	0
0	26	0	+	2	29	19	T	A	-	-	0	1	0	7387	0	0	0	388	0	0	0	15	0	0	0	0	0	0	0	0	0	0	0	0	0	0	0	0
0	26	0	+	2	30	18	T	A	-	-	1	2	0	7385	0	0	0	388	0	0	0	15	0	0	0	0	0	0	0	0	0	0	0	0	0	0	0	0
0	26	0	+	2	31	17	C	G	-	-	0	7382	0	5	0	387	0	0	0	14	0	0	0	0	0	0	0	0	0	0	0	0	0	0	0	0	0	0
0	26	0	+	2	32	16	A	T	-	-	7384	0	2	0	386	0	0	0	15	0	0	0	0	0	0	0	0	0	0	0	0	0	0	0	0	0	0	0
0	26	0	+	2	33	15	A	T	-	-	7380	2	1	2	385	0	0	0	15	0	0	0	0	0	0	0	0	0	0	0	0	0	0	0	0	0	0	0
0	26	0	+	2	34	14	G	C	-	-	1	0	7385	1	0	0	387	0	0	0	15	0	0	0	0	0	0	0	0	0	0	0	0	0	0	0	0	0
0	26	0	+	2	35	13	A	T	-	-	7387	0	0	1	388	0	0	0	15	0	0	0	0	0	0	0	0	0	0	0	0	0	0	0	0	0	0	0
0	26	0	+	2	36	12	C	G	-	-	1	7387	0	0	0	388	0	0	0	15	0	0	0	0	0	0	0	0	0	0	0	0	0	0	0	0	0	0
0	26	0	+	2	37	11	C	G	-	-	4	7379	0	2	0	385	0	0	0	14	0	0	0	0	0	0	0	0	0	0	0	0	0	0	0	0	0	0
0	26	0	+	2	38	10	C	G	-	-	3	7382	1	1	0	387	0	0	0	15	0	0	0	0	0	0	0	0	0	0	0	0	0	0	0	0	0	0
0	26	0	+	2	39	9	T	A	-	-	1	2	1	7384	0	0	0	388	0	0	0	15	0	0	0	0	0	0	0	0	0	0	0	0	0	0	0	0
0	26	0	+	2	40	8	T	A	-	-	0	0	1	7387	0	0	0	388	0	0	0	15	0	0	0	0	0	0	0	0	0	0	0	0	0	0	0	0
0	26	0	+	2	41	7	A	T	-	-	7382	3	1	0	386	0	0	0	15	0	0	0	0	0	0	0	0	0	0	0	0	0	0	0	0	0	0	0
0	26	0	+	2	42	6	G	C	-	-	0	0	7386	1	0	0	387	0	0	0	15	0	0	0	0	0	0	0	0	0	0	0	0	0	0	0	0	0
0	26	0	+	2	43	5	T	A	-	-	3	5	4	7374	0	1	0	385	0	0	0	15	0	0	0	0	0	0	0	0	0	0	0	0	0	0	0	0
0	26	0	+	2	44	4	G	C	-	-	0	0	7388	0	0	0	388	0	0	0	15	0	0	0	0	0	0	0	0	0	0	0	0	0	0	0	0	0
0	26	0	+	2	45	3	A	T	-	-	7383	3	1	1	388	0	0	0	15	0	0	0	0	0	0	0	0	0	0	0	0	0	0	0	0	0	0	0
0	26	0	+	2	46	2	A	T	-	-	7380	3	2	1	386	0	0	0	15	0	0	0	0	0	0	0	0	0	0	0	0	0	0	0	0	0	0	0
0	26	0	+	2	47	1	G	C	-	-	0	0	7384	4	0	0	388	0	0	0	15	0	0	0	0	0	0	0	0	0	0	0	0	0	0	0	0	0
0	26	0	+	2	48	0	G	C	-	-	11	7	6585	708	0	0	306	5	0	0	9	0	0	0	0	0	0	0	0	0	0	0	0	0	0	0	0	0
