target_base	locus_index	reference_index	target_strand	read_index	read_pos	template_pos	expected_read_base	expected_template_base	variant_read_base	variant_template_base	A1	C1	G1	T1	A2	C2	G2	T2	A3	C3	G3	T3	A5	C5	G5	T5	A10	C10	G10	T10	A15	C15	G15	T15	A20	C20	G20	T20
0	16	0	+	1	0	0	G	G	-	-	3	0	13252	7	0	0	1196	0	0	0	92	0	0	0	1	0	0	0	0	0	0	0	0	0	0	0	0	0
0	16	0	+	1	1	1	C	C	-	-	3	13252	2	4	0	1195	0	0	0	92	0	0	0	1	0	0	0	0	0	0	0	0	0	0	0	0	0	0
0	16	0	+	1	2	2	A	A	-	-	13257	1	2	2	1196	0	0	0	92	0	0	0	1	0	0	0	0	0	0	0	0	0	0	0	0	0	0	0
0	16	0	+	1	3	3	G	G	-	-	3	0	13255	4	0	0	1196	0	0	0	92	0	0	0	1	0	0	0	0	0	0	0	0	0	0	0	0	0
0	16	0	+	1	4	4	A	A	-	-	13258	1	0	1	1194	0	0	0	92	0	0	0	1	0	0	0	0	0	0	0	0	0	0	0	0	0	0	0
0	16	0	+	1	5	5	A	A	-	-	13258	3	0	1	1196	0	0	0	92	0	0	0	1	0	0	0	0	0	0	0	0	0	0	0	0	0	0	0
0	16	0	+	1	6	6	T	T	-	-	1	1	4	13253	0	0	0	1193	0	0	0	90	0	0	0	1	0	0	0	0	0	0	0	0	0	0	0	0
0	16	0	+	1	7	7	G	G	-	-	0	0	13254	8	0	0	1196	0	0	0	92	0	0	0	1	0	0	0	0	0	0	0	0	0	0	0	0	0
0	16	0	+	1	8	8	G	G	-	-	2	1	13255	3	0	0	1195	0	0	0	92	0	0	0	1	0	0	0	0	0	0	0	0	0	0	0	0	0
0	16	0	+	1	9	9	T	T	-	-	5	6	3	13247	0	0	0	1195	0	0	0	92	0	0	0	1	0	0	0	0	0	0	0	0	0	0	0	0
0	16	0	+	1	10	10	T	T	-	-	0	2	13	13245	0	0	0	1194	0	0	0	92	0	0	0	1	0	0	0	0	0	0	0	0	0	0	0	0
0	16	0	+	1	11	11	T	T	-	-	1	1	0	13260	0	0	0	1196	0	0	0	92	0	0	0	1	0	0	0	0	0	0	0	0	0	0	0	0
0	16	0	+	1	12	12	C	C	-	-	3	13257	0	2	0	1196	0	0	0	92	0	0	0	1	0	0	0	0	0	0	0	0	0	0	0	0	0	0
0	16	0	+	1	13	13	A	A	-	-	13255	0	4	1	1194	0	0	0	92	0	0	0	1	0	0	0	0	0	0	0	0	0	0	0	0	0	0	0
0	16	0	+	1	14	14	C	C	-	-	2	13252	1	6	0	1195	0	0	0	91	0	0	0	1	0	0	0	0	0	0	0	0	0	0	0	0	0	0
0	16	0	+	1	15	15	C	C	-	-	1	13259	1	1	0	1196	0	0	0	92	0	0	0	1	0	0	0	0	0	0	0	0	0	0	0	0	0	0
0	16	0	+	1	16	16	A	A	-	-	13257	0	4	1	1196	0	0	0	92	0	0	0	1	0	0	0	0	0	0	0	0	0	0	0	0	0	0	0
0	16	0	+	1	17	17	T	T	-	-	2	2	0	13257	0	0	0	1195	0	0	0	92	0	0	0	1	0	0	0	0	0	0	0	0	0	0	0	0
0	16	0	+	1	18	18	G	G	-	-	1	0	13257	4	0	0	1196	0	0	0	92	0	0	0	1	0	0	0	0	0	0	0	0	0	0	0	0	0
0	16	0	+	1	19	19	T	T	-	-	0	5	3	13249	0	0	0	1191	0	0	0	91	0	0	0	1	0	0	0	0	0	0	0	0	0	0	0	0
0	16	0	+	1	20	20	T	T	-	-	0	2	0	13259	0	0	0	1195	0	0	0	92	0	0	0	1	0	0	0	0	0	0	0	0	0	0	0	0
0	16	0	+	1	21	21	A	A	-	-	13252	1	5	1	1193	0	0	0	91	0	0	0	1	0	0	0	0	0	0	0	0	0	0	0	0	0	0	0
0	16	0	+	1	22	22	G	G	-	-	0	1	13250	10	0	0	1195	0	0	0	92	0	0	0	1	0	0	0	0	0	0	0	0	0	0	0	0	0
0	16	0	+	1	23	23	G	G	-	-	3	1	13251	5	1	0	1193	0	0	0	92	0	0	0	1	0	0	0	0	0	0	0	0	0	0	0	0	0
0	16	0	+	1	24	24	T	T	-	-	6	16	16	13213	0	0	0	1185	0	0	0	89	0	0	0	1	0	0	0	0	0	0	0	0	0	0	0	0
0	16	0	+	1	25	25	G	G	-	-	1	3	13257	1	0	0	1196	0	0	0	92	0	0	0	1	0	0	0	0	0	0	0	0	0	0	0	0	0
0	16	0	+	1	26	26	G	G	-	-	21	0	13233	2	0	0	1190	0	0	0	91	0	0	0	1	0	0	0	0	0	0	0	0	0	0	0	0	0
0	16	0	+	1	27	27	C	C	-	-	1	13252	0	7	0	1194	0	0	0	92	0	0	0	1	0	0	0	0	0	0	0	0	0	0	0	0	0	0
0	16	0	+	1	28	28	A	A	-	-	13258	0	0	2	1194	0	0	0	91	0	0	0	1	0	0	0	0	0	0	0	0	0	0	0	0	0	0	0
0	16	0	+	1	29	29	C	C	-	-	0	13262	0	0	0	1196	0	0	0	92	0	0	0	1	0	0	0	0	0	0	0	0	0	0	0	0	0	0
0	16	0	+	1	30	30	T	T	-	-	0	1	1	13259	0	0	0	1195	0	0	0	91	0	0	0	1	0	0	0	0	0	0	0	0	0	0	0	0
0	16	0	+	1	31	31	A	A	-	-	13256	2	1	3	1196	0	0	0	92	0	0	0	1	0	0	0	0	0	0	0	0	0	0	0	0	0	0	0
0	16	0	+	1	32	32	T	T	-	-	0	1	0	13259	0	0	0	1194	0	0	0	92	0	0	0	1	0	0	0	0	0	0	0	0	0	0	0	0
0	16	0	+	1	33	33	T	T	-	-	0	1	0	13261	0	0	0	1196	0	0	0	92	0	0	0	1	0	0	0	0	0	0	0	0	0	0	0	0
2	16	0	+	1	34	34	G	G	A	A	38	0	13212	6	4	0	1186	0	0	0	92	0	0	0	1	0	0	0	0	0	0	0	0	0	0	0	0	0
0	16	0	+	1	35	35	C	C	-	-	3	13240	1	14	0	1192	0	0	0	92	0	0	0	1	0	0	0	0	0	0	0	0	0	0	0	0	0	0
0	16	0	+	1	36	36	C	C	-	-	2	13252	1	4	0	1193	0	0	0	92	0	0	0	1	0	0	0	0	0	0	0	0	0	0	0	0	0	0
0	16	0	+	1	37	37	G	G	-	-	3	0	13257	2	0	0	1196	0	0	0	92	0	0	0	1	0	0	0	0	0	0	0	0	0	0	0	0	0
0	16	0	+	1	38	38	T	T	-	-	5	5	3	13245	0	0	0	1192	0	0	0	90	0	0	0	1	0	0	0	0	0	0	0	0	0	0	0	0
0	16	0	+	2	0	38	A	T	-	-	13260	0	2	0	1196	0	0	0	92	0	0	0	1	0	0	0	0	0	0	0	0	0	0	0	0	0	0	0
0	16	0	+	2	1	37	C	G	-	-	1	13257	0	3	0	1195	0	0	0	92	0	0	0	1	0	0	0	0	0	0	0	0	0	0	0	0	0	0
0	16	0	+	2	2	36	G	C	-	-	3	0	13254	4	0	0	1195	0	0	0	92	0	0	0	1	0	0	0	0	0	0	0	0	0	0	0	0	0
0	16	0	+	2	3	35	G	C	-	-	14	3	13238	3	0	0	1192	0	0	0	92	0	0	0	1	0	0	0	0	0	0	0	0	0	0	0	0	0
2	16	0	+	2	4	34	C	G	T	A	0	13228	0	33	0	1191	0	4	0	92	0	0	0	1	0	0	0	0	0	0	0	0	0	0	0	0	0	0
0	16	0	+	2	5	33	A	T	-	-	13256	4	1	0	1194	1	0	0	92	0	0	0	1	0	0	0	0	0	0	0	0	0	0	0	0	0	0	0
0	16	0	+	2	6	32	A	T	-	-	13259	0	1	0	1194	0	0	0	92	0	0	0	1	0	0	0	0	0	0	0	0	0	0	0	0	0	0	0
0	16	0	+	2	7	31	T	A	-	-	4	1	1	13256	0	0	0	1196	0	0	0	92	0	0	0	1	0	0	0	0	0	0	0	0	0	0	0	0
0	16	0	+	2	8	30	A	T	-	-	13258	1	1	0	1194	0	0	0	90	0	0	0	1	0	0	0	0	0	0	0	0	0	0	0	0	0	0	0
0	16	0	+	2	9	29	G	C	-	-	0	0	13262	0	0	0	1196	0	0	0	92	0	0	0	1	0	0	0	0	0	0	0	0	0	0	0	0	0
0	16	0	+	2	10	28	T	A	-	-	11	19	15	13212	0	0	0	1191	0	0	0	91	0	0	0	1	0	0	0	0	0	0	0	0	0	0	0	0
0	16	0	+	2	11	27	G	C	-	-	7	0	13250	2	0	0	1193	0	0	0	92	0	0	0	1	0	0	0	0	0	0	0	0	0	0	0	0	0
0	16	0	+	2	12	26	C	G	-	-	2	13231	1	21	0	1189	0	0	0	91	0	0	0	1	0	0	0	0	0	0	0	0	0	0	0	0	0	0
0	16	0	+	2	13	25	C	G	-	-	1	13258	0	3	0	1196	0	0	0	92	0	0	0	1	0	0	0	0	0	0	0	0	0	0	0	0	0	0
0	16	0	+	2	14	24	A	T	-	-	13258	0	2	2	1196	0	0	0	92	0	0	0	1	0	0	0	0	0	0	0	0	0	0	0	0	0	0	0
0	16	0	+	2	15	23	C	G	-	-	4	13250	2	3	0	1192	0	1	0	92	0	0	0	1	0	0	0	0	0	0	0	0	0	0	0	0	0	0
0	16	0	+	2	16	22	C	G	-	-	4	13256	2	0	0	1196	0	0	0	92	0	0	0	1	0	0	0	0	0	0	0	0	0	0	0	0	0	0
0	16	0	+	2	17	21	T	A	-	-	1	7	0	13252	0	0	0	1194	0	0	0	92	0	0	0	1	0	0	0	0	0	0	0	0	0	0	0	0
0	16	0	+	2	18	20	A	T	-	-	13259	0	2	0	1195	0	0	0	92	0	0	0	1	0	0	0	0	0	0	0	0	0	0	0	0	0	0	0
0	16	0	+	2	19	19	A	T	-	-	13262	0	0	0	1196	0	0	0	92	0	0	0	1	0	0	0	0	0	0	0	0	0	0	0	0	0	0	0
0	16	0	+	2	20	18	C	G	-	-	4	13257	0	1	0	1196	0	0	0	92	0	0	0	1	0	0	0	0	0	0	0	0	0	0	0	0	0	0
0	16	0	+	2	21	17	A	T	-	-	13259	0	2	1	1196	0	0	0	92	0	0	0	1	0	0	0	0	0	0	0	0	0	0	0	0	0	0	0
0	16	0	+	2	22	16	T	A	-	-	0	4	0	13257	0	0	0	1195	0	0	0	92	0	0	0	1	0	0	0	0	0	0	0	0	0	0	0	0
0	16	0	+	2	23	15	G	C	-	-	1	1	13259	1	0	0	1196	0	0	0	92	0	0	0	1	0	0	0	0	0	0	0	0	0	0	0	0	0
0	16	0	+	2	24	14	G	C	-	-	6	1	13251	4	0	0	1196	0	0	0	92	0	0	0	1	0	0	0	0	0	0	0	0	0	0	0	0	0
0	16	0	+	2	25	13	T	A	-	-	16	25	21	13182	0	0	0	1178	0	0	0	90	0	0	0	1	0	0	0	0	0	0	0	0	0	0	0	0
0	16	0	+	2	26	12	G	C	-	-	2	0	13253	5	0	0	1194	0	0	0	92	0	0	0	1	0	0	0	0	0	0	0	0	0	0	0	0	0
0	16	0	+	2	27	11	A	T	-	-	13261	0	1	0	1196	0	0	0	92	0	0	0	1	0	0	0	0	0	0	0	0	0	0	0	0	0	0	0
0	16	0	+	2	28	10	A	T	-	-	13261	0	1	0	1196	0	0	0	92	0	0	0	1	0	0	0	0	0	0	0	0	0	0	0	0	0	0	0
0	16	0	+	2	29	9	A	T	-	-	13259	0	2	0	1195	0	0	0	92	0	0	0	1	0	0	0	0	0	0	0	0	0	0	0	0	0	0	0
0	16	0	+	2	30	8	C	G	-	-	2	13255	0	3	0	1194	0	0	0	91	0	0	0	1	0	0	0	0	0	0	0	0	0	0	0	0	0	0
0	16	0	+	2	31	7	C	G	-	-	7	13254	1	0	0	1196	0	0	0	92	0	0	0	1	0	0	0	0	0	0	0	0	0	0	0	0	0	0
0	16	0	+	2	32	6	A	T	-	-	13259	0	2	1	1196	0	0	0	92	0	0	0	1	0	0	0	0	0	0	0	0	0	0	0	0	0	0	0
0	16	0	+	2	33	5	T	A	-	-	1	0	0	13261	0	0	0	1196	0	0	0	92	0	0	0	1	0	0	0	0	0	0	0	0	0	0	0	0
0	16	0	+	2	34	4	T	A	-	-	2	0	0	13257	0	0	0	1193	0	0	0	92	0	0	0	1	0	0	0	0	0	0	0	0	0	0	0	0
0	16	0	+	2	35	3	C	G	-	-	6	13253	0	3	0	1196	0	0	0	92	0	0	0	1	0	0	0	0	0	0	0	0	0	0	0	0	0	0
0	16	0	+	2	36	2	T	A	-	-	5	2	2	13251	0	0	0	1194	0	0	0	92	0	0	0	1	0	0	0	0	0	0	0	0	0	0	0	0
0	16	0	+	2	37	1	G	C	-	-	4	2	13252	3	0	0	1195	0	0	0	92	0	0	0	1	0	0	0	0	0	0	0	0	0	0	0	0	0
0	16	0	+	2	38	0	C	G	-	-	3	13255	1	3	0	1196	0	0	0	92	0	0	0	1	0	0	0	0	0	0	0	0	0	0	0	0	0	0
