target_base	locus_index	reference_index	target_strand	read_index	read_pos	template_pos	expected_read_base	expected_template_base	variant_read_base	variant_template_base	A1	C1	G1	T1	A2	C2	G2	T2	A3	C3	G3	T3	A5	C5	G5	T5	A10	C10	G10	T10	A15	C15	G15	T15	A20	C20	G20	T20
0	23	0	-	1	0	0	A	A	-	-	4552	1	2	0	305	0	0	0	23	0	0	0	0	0	0	0	0	0	0	0	0	0	0	0	0	0	0	0
0	23	0	-	1	1	1	A	A	-	-	4554	0	0	1	305	0	0	0	23	0	0	0	0	0	0	0	0	0	0	0	0	0	0	0	0	0	0	0
0	23	0	-	1	2	2	T	T	-	-	0	0	0	4555	0	0	0	305	0	0	0	23	0	0	0	0	0	0	0	0	0	0	0	0	0	0	0	0
0	23	0	-	1	3	3	A	A	-	-	4555	0	0	0	305	0	0	0	23	0	0	0	0	0	0	0	0	0	0	0	0	0	0	0	0	0	0	0
0	23	0	-	1	4	4	A	A	-	-	4554	0	0	1	305	0	0	0	23	0	0	0	0	0	0	0	0	0	0	0	0	0	0	0	0	0	0	0
0	23	0	-	1	5	5	C	C	-	-	0	4554	0	1	0	305	0	0	0	23	0	0	0	0	0	0	0	0	0	0	0	0	0	0	0	0	0	0
0	23	0	-	1	6	6	A	A	-	-	4554	0	1	0	305	0	0	0	23	0	0	0	0	0	0	0	0	0	0	0	0	0	0	0	0	0	0	0
0	23	0	-	1	7	7	T	T	-	-	0	2	0	4553	0	0	0	305	0	0	0	23	0	0	0	0	0	0	0	0	0	0	0	0	0	0	0	0
0	23	0	-	1	8	8	T	T	-	-	0	0	0	4554	0	0	0	304	0	0	0	22	0	0	0	0	0	0	0	0	0	0	0	0	0	0	0	0
0	23	0	-	1	9	9	C	C	-	-	1	4552	1	0	0	304	0	0	0	23	0	0	0	0	0	0	0	0	0	0	0	0	0	0	0	0	0	0
0	23	0	-	1	10	10	T	T	-	-	0	0	2	4551	0	0	0	303	0	0	0	23	0	0	0	0	0	0	0	0	0	0	0	0	0	0	0	0
0	23	0	-	1	11	11	C	C	-	-	1	4554	0	0	0	305	0	0	0	23	0	0	0	0	0	0	0	0	0	0	0	0	0	0	0	0	0	0
0	23	0	-	1	12	12	T	T	-	-	0	0	0	4555	0	0	0	305	0	0	0	23	0	0	0	0	0	0	0	0	0	0	0	0	0	0	0	0
2	23	0	-	1	13	13	G	G	A	A	11	0	4544	0	0	0	305	0	0	0	23	0	0	0	0	0	0	0	0	0	0	0	0	0	0	0	0	0
0	23	0	-	1	14	14	C	C	-	-	0	4555	0	0	0	305	0	0	0	23	0	0	0	0	0	0	0	0	0	0	0	0	0	0	0	0	0	0
0	23	0	-	1	15	15	T	T	-	-	0	1	0	4553	0	0	0	304	0	0	0	23	0	0	0	0	0	0	0	0	0	0	0	0	0	0	0	0
0	23	0	-	1	16	16	C	C	-	-	1	4554	0	0	0	305	0	0	0	23	0	0	0	0	0	0	0	0	0	0	0	0	0	0	0	0	0	0
0	23	0	-	1	17	17	C	C	-	-	2	4553	0	0	0	305	0	0	0	23	0	0	0	0	0	0	0	0	0	0	0	0	0	0	0	0	0	0
0	23	0	-	1	18	18	C	C	-	-	0	4554	0	0	0	304	0	0	0	23	0	0	0	0	0	0	0	0	0	0	0	0	0	0	0	0	0	0
0	23	0	-	1	19	19	C	C	-	-	1	4554	0	0	0	305	0	0	0	23	0	0	0	0	0	0	0	0	0	0	0	0	0	0	0	0	0	0
0	23	0	-	1	20	20	A	A	-	-	4554	0	1	0	305	0	0	0	23	0	0	0	0	0	0	0	0	0	0	0	0	0	0	0	0	0	0	0
0	23	0	-	1	21	21	C	C	-	-	0	4554	0	1	0	305	0	0	0	23	0	0	0	0	0	0	0	0	0	0	0	0	0	0	0	0	0	0
0	23	0	-	1	22	22	A	A	-	-	4552	0	1	1	304	0	0	0	23	0	0	0	0	0	0	0	0	0	0	0	0	0	0	0	0	0	0	0
0	23	0	-	1	23	23	C	C	-	-	0	4555	0	0	0	305	0	0	0	23	0	0	0	0	0	0	0	0	0	0	0	0	0	0	0	0	0	0
0	23	0	-	1	24	24	C	C	-	-	1	4554	0	0	0	305	0	0	0	23	0	0	0	0	0	0	0	0	0	0	0	0	0	0	0	0	0	0
0	23	0	-	1	25	25	A	A	-	-	4554	0	1	0	305	0	0	0	23	0	0	0	0	0	0	0	0	0	0	0	0	0	0	0	0	0	0	0
0	23	0	-	1	26	26	T	T	-	-	0	0	0	4555	0	0	0	305	0	0	0	23	0	0	0	0	0	0	0	0	0	0	0	0	0	0	0	0
0	23	0	-	1	27	27	A	A	-	-	4553	2	0	0	305	0	0	0	23	0	0	0	0	0	0	0	0	0	0	0	0	0	0	0	0	0	0	0
0	23	0	-	1	28	28	C	C	-	-	0	4555	0	0	0	305	0	0	0	23	0	0	0	0	0	0	0	0	0	0	0	0	0	0	0	0	0	0
0	23	0	-	1	29	29	A	A	-	-	4554	0	1	0	305	0	0	0	23	0	0	0	0	0	0	0	0	0	0	0	0	0	0	0	0	0	0	0
0	23	0	-	1	30	30	G	G	-	-	0	1	4550	4	0	0	305	0	0	0	23	0	0	0	0	0	0	0	0	0	0	0	0	0	0	0	0	0
0	23	0	-	1	31	31	G	G	-	-	1	0	4552	2	0	0	305	0	0	0	23	0	0	0	0	0	0	0	0	0	0	0	0	0	0	0	0	0
0	23	0	-	1	32	32	G	G	-	-	1	0	4552	1	0	0	304	0	0	0	23	0	0	0	0	0	0	0	0	0	0	0	0	0	0	0	0	0
0	23	0	-	1	33	33	T	T	-	-	8	15	4	4520	0	0	0	297	0	0	0	20	0	0	0	0	0	0	0	0	0	0	0	0	0	0	0	0
0	23	0	-	1	34	34	A	A	-	-	4554	0	0	0	304	0	0	0	23	0	0	0	0	0	0	0	0	0	0	0	0	0	0	0	0	0	0	0
0	23	0	-	1	35	35	C	C	-	-	0	4555	0	0	0	305	0	0	0	23	0	0	0	0	0	0	0	0	0	0	0	0	0	0	0	0	0	0
0	23	0	-	1	36	36	T	T	-	-	0	0	0	4555	0	0	0	305	0	0	0	23	0	0	0	0	0	0	0	0	0	0	0	0	0	0	0	0
0	23	0	-	1	37	37	T	T	-	-	0	1	0	4553	0	0	0	304	0	0	0	23	0	0	0	0	0	0	0	0	0	0	0	0	0	0	0	0
0	23	0	-	1	38	38	G	G	-	-	0	0	4553	1	0	0	304	0	0	0	23	0	0	0	0	0	0	0	0	0	0	0	0	0	0	0	0	0
0	23	0	-	2	0	38	C	G	-	-	1	4553	0	0	0	304	0	0	0	23	0	0	0	0	0	0	0	0	0	0	0	0	0	0	0	0	0	0
0	23	0	-	2	1	37	A	T	-	-	4554	0	1	0	305	0	0	0	23	0	0	0	0	0	0	0	0	0	0	0	0	0	0	0	0	0	0	0
0	23	0	-	2	2	36	A	T	-	-	4555	0	0	0	305	0	0	0	23	0	0	0	0	0	0	0	0	0	0	0	0	0	0	0	0	0	0	0
0	23	0	-	2	3	35	G	C	-	-	0	0	4555	0	0	0	305	0	0	0	23	0	0	0	0	0	0	0	0	0	0	0	0	0	0	0	0	0
0	23	0	-	2	4	34	T	A	-	-	3	0	1	4550	0	0	0	304	0	0	0	23	0	0	0	0	0	0	0	0	0	0	0	0	0	0	0	0
0	23	0	-	2	5	33	A	T	-	-	4555	0	0	0	305	0	0	0	23	0	0	0	0	0	0	0	0	0	0	0	0	0	0	0	0	0	0	0
0	23	0	-	2	6	32	C	G	-	-	0	4552	1	2	0	305	0	0	0	23	0	0	0	0	0	0	0	0	0	0	0	0	0	0	0	0	0	0
0	23	0	-	2	7	31	C	G	-	-	3	4550	0	1	0	304	0	0	0	22	0	0	0	0	0	0	0	0	0	0	0	0	0	0	0	0	0	0
0	23	0	-	2	8	30	C	G	-	-	2	4550	1	0	0	303	0	0	0	23	0	0	0	0	0	0	0	0	0	0	0	0	0	0	0	0	0	0
0	23	0	-	2	9	29	T	A	-	-	0	1	0	4554	0	0	0	305	0	0	0	23	0	0	0	0	0	0	0	0	0	0	0	0	0	0	0	0
0	23	0	-	2	10	28	G	C	-	-	0	0	4555	0	0	0	305	0	0	0	23	0	0	0	0	0	0	0	0	0	0	0	0	0	0	0	0	0
0	23	0	-	2	11	27	T	A	-	-	0	3	2	4547	0	0	0	302	0	0	0	23	0	0	0	0	0	0	0	0	0	0	0	0	0	0	0	0
0	23	0	-	2	12	26	A	T	-	-	4552	1	1	0	304	0	0	0	23	0	0	0	0	0	0	0	0	0	0	0	0	0	0	0	0	0	0	0
0	23	0	-	2	13	25	T	A	-	-	0	1	0	4554	0	0	0	305	0	0	0	23	0	0	0	0	0	0	0	0	0	0	0	0	0	0	0	0
0	23	0	-	2	14	24	G	C	-	-	0	0	4554	1	0	0	305	0	0	0	23	0	0	0	0	0	0	0	0	0	0	0	0	0	0	0	0	0
0	23	0	-	2	15	23	G	C	-	-	0	0	4555	0	0	0	305	0	0	0	23	0	0	0	0	0	0	0	0	0	0	0	0	0	0	0	0	0
0	23	0	-	2	16	22	T	A	-	-	14	12	6	4517	0	1	0	298	0	0	0	21	0	0	0	0	0	0	0	0	0	0	0	0	0	0	0	0
0	23	0	-	2	17	21	G	C	-	-	1	0	4553	0	0	0	304	0	0	0	23	0	0	0	0	0	0	0	0	0	0	0	0	0	0	0	0	0
0	23	0	-	2	18	20	T	A	-	-	7	2	2	4543	0	0	0	304	0	0	0	22	0	0	0	0	0	0	0	0	0	0	0	0	0	0	0	0
0	23	0	-	2	19	19	G	C	-	-	0	0	4554	1	0	0	305	0	0	0	23	0	0	0	0	0	0	0	0	0	0	0	0	0	0	0	0	0
0	23	0	-	2	20	18	G	C	-	-	0	0	4555	0	0	0	305	0	0	0	23	0	0	0	0	0	0	0	0	0	0	0	0	0	0	0	0	0
0	23	0	-	2	21	17	G	C	-	-	0	0	4554	1	0	0	305	0	0	0	23	0	0	0	0	0	0	0	0	0	0	0	0	0	0	0	0	0
0	23	0	-	2	22	16	G	C	-	-	0	0	4554	1	0	0	305	0	0	0	23	0	0	0	0	0	0	0	0	0	0	0	0	0	0	0	0	0
0	23	0	-	2	23	15	A	T	-	-	4551	1	1	0	303	0	0	0	23	0	0	0	0	0	0	0	0	0	0	0	0	0	0	0	0	0	0	0
0	23	0	-	2	24	14	G	C	-	-	0	0	4555	0	0	0	305	0	0	0	23	0	0	0	0	0	0	0	0	0	0	0	0	0	0	0	0	0
2	23	0	-	2	25	13	C	G	T	A	0	4543	0	12	0	305	0	0	0	23	0	0	0	0	0	0	0	0	0	0	0	0	0	0	0	0	0	0
0	23	0	-	2	26	12	A	T	-	-	4554	0	0	1	305	0	0	0	23	0	0	0	0	0	0	0	0	0	0	0	0	0	0	0	0	0	0	0
0	23	0	-	2	27	11	G	C	-	-	0	0	4555	0	0	0	305	0	0	0	23	0	0	0	0	0	0	0	0	0	0	0	0	0	0	0	0	0
0	23	0	-	2	28	10	A	T	-	-	4551	3	0	0	304	0	0	0	23	0	0	0	0	0	0	0	0	0	0	0	0	0	0	0	0	0	0	0
0	23	0	-	2	29	9	G	C	-	-	0	0	4553	1	0	0	304	0	0	0	23	0	0	0	0	0	0	0	0	0	0	0	0	0	0	0	0	0
0	23	0	-	2	30	8	A	T	-	-	4550	0	1	2	303	0	0	0	23	0	0	0	0	0	0	0	0	0	0	0	0	0	0	0	0	0	0	0
0	23	0	-	2	31	7	A	T	-	-	4553	0	2	0	305	0	0	0	23	0	0	0	0	0	0	0	0	0	0	0	0	0	0	0	0	0	0	0
0	23	0	-	2	32	6	T	A	-	-	0	0	0	4555	0	0	0	305	0	0	0	23	0	0	0	0	0	0	0	0	0	0	0	0	0	0	0	0
0	23	0	-	2	33	5	G	C	-	-	0	0	4555	0	0	0	305	0	0	0	23	0	0	0	0	0	0	0	0	0	0	0	0	0	0	0	0	0
0	23	0	-	2	34	4	T	A	-	-	1	0	2	4549	0	0	0	302	0	0	0	22	0	0	0	0	0	0	0	0	0	0	0	0	0	0	0	0
0	23	0	-	2	35	3	T	A	-	-	0	0	1	4554	0	0	0	305	0	0	0	23	0	0	0	0	0	0	0	0	0	0	0	0	0	0	0	0
0	23	0	-	2	36	2	A	T	-	-	4554	0	0	1	305	0	0	0	23	0	0	0	0	0	0	0	0	0	0	0	0	0	0	0	0	0	0	0
0	23	0	-	2	37	1	T	A	-	-	1	0	2	4552	0	0	0	305	0	0	0	23	0	0	0	0	0	0	0	0	0	0	0	0	0	0	0	0
0	23	0	-	2	38	0	T	A	-	-	0	2	0	4553	0	0	0	305	0	0	0	23	0	0	0	0	0	0	0	0	0	0	0	0	0	0	0	0
