target_base	locus_index	reference_index	target_strand	read_index	read_pos	template_pos	expected_read_base	expected_template_base	variant_read_base	variant_template_base	A1	C1	G1	T1	A2	C2	G2	T2	A3	C3	G3	T3	A5	C5	G5	T5	A10	C10	G10	T10	A15	C15	G15	T15	A20	C20	G20	T20
0	14	0	-	1	0	0	A	A	-	-	13145	1	0	0	1140	0	0	0	82	0	0	0	0	0	0	0	0	0	0	0	0	0	0	0	0	0	0	0
2	14	0	-	1	1	1	T	T	G	G	1	1	4	13139	0	0	0	1139	0	0	0	81	0	0	0	0	0	0	0	0	0	0	0	0	0	0	0	0
0	14	0	-	1	2	2	G	G	-	-	0	0	13140	4	0	0	1138	0	0	0	82	0	0	0	0	0	0	0	0	0	0	0	0	0	0	0	0	0
0	14	0	-	1	3	3	A	A	-	-	13140	1	4	1	1140	0	0	0	82	0	0	0	0	0	0	0	0	0	0	0	0	0	0	0	0	0	0	0
0	14	0	-	1	4	4	T	T	-	-	0	2	1	13142	0	0	0	1139	0	0	0	82	0	0	0	0	0	0	0	0	0	0	0	0	0	0	0	0
0	14	0	-	1	5	5	G	G	-	-	3	1	13139	2	0	0	1139	0	0	0	82	0	0	0	0	0	0	0	0	0	0	0	0	0	0	0	0	0
0	14	0	-	1	6	6	C	C	-	-	1	13134	2	8	0	1139	0	0	0	82	0	0	0	0	0	0	0	0	0	0	0	0	0	0	0	0	0	0
0	14	0	-	1	7	7	A	A	-	-	13144	0	1	1	1140	0	0	0	82	0	0	0	0	0	0	0	0	0	0	0	0	0	0	0	0	0	0	0
0	14	0	-	1	8	8	C	C	-	-	1	13142	0	1	0	1138	0	0	0	81	0	0	0	0	0	0	0	0	0	0	0	0	0	0	0	0	0	0
0	14	0	-	1	9	9	A	A	-	-	13143	0	0	0	1137	0	0	0	82	0	0	0	0	0	0	0	0	0	0	0	0	0	0	0	0	0	0	0
0	14	0	-	1	10	10	G	G	-	-	1	1	13126	13	0	0	1135	0	0	0	81	0	0	0	0	0	0	0	0	0	0	0	0	0	0	0	0	0
0	14	0	-	1	11	11	T	T	-	-	7	7	1	13130	0	0	0	1139	0	0	0	82	0	0	0	0	0	0	0	0	0	0	0	0	0	0	0	0
0	14	0	-	1	12	12	A	A	-	-	13144	1	1	0	1140	0	0	0	82	0	0	0	0	0	0	0	0	0	0	0	0	0	0	0	0	0	0	0
0	14	0	-	1	13	13	G	G	-	-	1	1	13138	5	0	0	1139	0	0	0	82	0	0	0	0	0	0	0	0	0	0	0	0	0	0	0	0	0
0	14	0	-	1	14	14	T	T	-	-	6	5	6	13126	0	0	0	1137	0	0	0	82	0	0	0	0	0	0	0	0	0	0	0	0	0	0	0	0
0	14	0	-	1	15	15	G	G	-	-	3	0	13139	4	0	0	1140	0	0	0	82	0	0	0	0	0	0	0	0	0	0	0	0	0	0	0	0	0
0	14	0	-	1	16	16	A	A	-	-	13143	0	0	1	1138	0	0	0	82	0	0	0	0	0	0	0	0	0	0	0	0	0	0	0	0	0	0	0
0	14	0	-	1	17	17	A	A	-	-	13143	1	0	0	1138	0	0	0	82	0	0	0	0	0	0	0	0	0	0	0	0	0	0	0	0	0	0	0
0	14	0	-	1	18	18	C	C	-	-	0	13143	1	0	0	1138	0	0	0	82	0	0	0	0	0	0	0	0	0	0	0	0	0	0	0	0	0	0
0	14	0	-	1	19	19	C	C	-	-	2	13144	0	0	0	1140	0	0	0	82	0	0	0	0	0	0	0	0	0	0	0	0	0	0	0	0	0	0
0	14	0	-	1	20	20	T	T	-	-	0	3	0	13140	0	0	0	1137	0	0	0	82	0	0	0	0	0	0	0	0	0	0	0	0	0	0	0	0
0	14	0	-	1	21	21	A	A	-	-	13141	0	2	1	1138	0	0	0	81	0	0	0	0	0	0	0	0	0	0	0	0	0	0	0	0	0	0	0
0	14	0	-	1	22	22	T	T	-	-	1	1	5	13138	0	0	0	1139	0	0	0	82	0	0	0	0	0	0	0	0	0	0	0	0	0	0	0	0
0	14	0	-	1	23	23	C	C	-	-	4	13135	1	4	0	1138	0	0	0	82	0	0	0	0	0	0	0	0	0	0	0	0	0	0	0	0	0	0
0	14	0	-	1	24	24	C	C	-	-	1	13139	0	6	0	1140	0	0	0	82	0	0	0	0	0	0	0	0	0	0	0	0	0	0	0	0	0	0
0	14	0	-	1	25	25	C	C	-	-	4	13138	1	2	0	1139	0	0	0	82	0	0	0	0	0	0	0	0	0	0	0	0	0	0	0	0	0	0
0	14	0	-	1	26	26	C	C	-	-	5	13141	0	0	0	1140	0	0	0	82	0	0	0	0	0	0	0	0	0	0	0	0	0	0	0	0	0	0
0	14	0	-	1	27	27	C	C	-	-	9	13132	0	2	0	1137	0	0	0	82	0	0	0	0	0	0	0	0	0	0	0	0	0	0	0	0	0	0
0	14	0	-	1	28	28	C	C	-	-	3	13141	1	0	0	1139	0	0	0	82	0	0	0	0	0	0	0	0	0	0	0	0	0	0	0	0	0	0
0	14	0	-	1	29	29	A	A	-	-	13145	0	1	0	1140	0	0	0	82	0	0	0	0	0	0	0	0	0	0	0	0	0	0	0	0	0	0	0
0	14	0	-	1	30	30	A	A	-	-	13133	9	2	1	1139	0	0	0	82	0	0	0	0	0	0	0	0	0	0	0	0	0	0	0	0	0	0	0
0	14	0	-	1	31	31	A	A	-	-	13144	2	0	0	1140	0	0	0	82	0	0	0	0	0	0	0	0	0	0	0	0	0	0	0	0	0	0	0
0	14	0	-	1	32	32	T	T	-	-	0	1	0	13145	0	0	0	1140	0	0	0	82	0	0	0	0	0	0	0	0	0	0	0	0	0	0	0	0
0	14	0	-	1	33	33	G	G	-	-	1	0	13144	1	0	0	1140	0	0	0	82	0	0	0	0	0	0	0	0	0	0	0	0	0	0	0	0	0
0	14	0	-	1	34	34	T	T	-	-	10	2	2	13128	0	0	0	1136	0	0	0	82	0	0	0	0	0	0	0	0	0	0	0	0	0	0	0	0
0	14	0	-	1	35	35	A	A	-	-	13145	0	0	0	1139	0	0	0	82	0	0	0	0	0	0	0	0	0	0	0	0	0	0	0	0	0	0	0
0	14	0	-	1	36	36	T	T	-	-	1	0	2	13142	0	0	0	1139	0	0	0	82	0	0	0	0	0	0	0	0	0	0	0	0	0	0	0	0
0	14	0	-	1	37	37	T	T	-	-	1	0	0	13144	0	0	0	1139	0	0	0	82	0	0	0	0	0	0	0	0	0	0	0	0	0	0	0	0
0	14	0	-	1	38	38	T	T	-	-	0	5	0	13141	0	0	0	1140	0	0	0	82	0	0	0	0	0	0	0	0	0	0	0	0	0	0	0	0
0	14	0	-	2	0	38	A	T	-	-	13140	0	6	0	1140	0	0	0	82	0	0	0	0	0	0	0	0	0	0	0	0	0	0	0	0	0	0	0
0	14	0	-	2	1	37	A	T	-	-	13144	0	0	1	1139	0	0	0	82	0	0	0	0	0	0	0	0	0	0	0	0	0	0	0	0	0	0	0
0	14	0	-	2	2	36	A	T	-	-	13141	0	0	4	1139	0	0	0	82	0	0	0	0	0	0	0	0	0	0	0	0	0	0	0	0	0	0	0
0	14	0	-	2	3	35	T	A	-	-	0	0	1	13144	0	0	0	1139	0	0	0	82	0	0	0	0	0	0	0	0	0	0	0	0	0	0	0	0
0	14	0	-	2	4	34	A	T	-	-	13142	1	2	0	1139	0	0	0	82	0	0	0	0	0	0	0	0	0	0	0	0	0	0	0	0	0	0	0
0	14	0	-	2	5	33	C	G	-	-	3	13142	0	1	0	1140	0	0	0	82	0	0	0	0	0	0	0	0	0	0	0	0	0	0	0	0	0	0
0	14	0	-	2	6	32	A	T	-	-	13144	0	1	1	1140	0	0	0	82	0	0	0	0	0	0	0	0	0	0	0	0	0	0	0	0	0	0	0
0	14	0	-	2	7	31	T	A	-	-	1	0	0	13145	0	0	0	1140	0	0	0	82	0	0	0	0	0	0	0	0	0	0	0	0	0	0	0	0
0	14	0	-	2	8	30	T	A	-	-	1	2	0	13143	0	0	0	1140	0	0	0	82	0	0	0	0	0	0	0	0	0	0	0	0	0	0	0	0
0	14	0	-	2	9	29	T	A	-	-	0	1	0	13145	0	0	0	1140	0	0	0	82	0	0	0	0	0	0	0	0	0	0	0	0	0	0	0	0
0	14	0	-	2	10	28	G	C	-	-	0	1	13135	7	0	0	1137	0	0	0	82	0	0	0	0	0	0	0	0	0	0	0	0	0	0	0	0	0
0	14	0	-	2	11	27	G	C	-	-	2	1	13131	10	0	0	1138	0	0	0	82	0	0	0	0	0	0	0	0	0	0	0	0	0	0	0	0	0
0	14	0	-	2	12	26	G	C	-	-	0	0	13139	7	0	0	1140	0	0	0	82	0	0	0	0	0	0	0	0	0	0	0	0	0	0	0	0	0
0	14	0	-	2	13	25	G	C	-	-	1	1	13136	6	0	0	1138	0	0	0	82	0	0	0	0	0	0	0	0	0	0	0	0	0	0	0	0	0
0	14	0	-	2	14	24	G	C	-	-	3	0	13139	4	0	0	1140	0	0	0	82	0	0	0	0	0	0	0	0	0	0	0	0	0	0	0	0	0
0	14	0	-	2	15	23	G	C	-	-	4	1	13132	4	0	0	1135	0	0	0	80	0	0	0	0	0	0	0	0	0	0	0	0	0	0	0	0	0
0	14	0	-	2	16	22	A	T	-	-	13136	2	3	4	1139	0	0	0	81	0	0	0	0	0	0	0	0	0	0	0	0	0	0	0	0	0	0	0
0	14	0	-	2	17	21	T	A	-	-	1	2	0	13141	0	0	0	1138	0	0	0	81	0	0	0	0	0	0	0	0	0	0	0	0	0	0	0	0
0	14	0	-	2	18	20	A	T	-	-	13138	1	3	0	1136	0	0	0	82	0	0	0	0	0	0	0	0	0	0	0	0	0	0	0	0	0	0	0
0	14	0	-	2	19	19	G	C	-	-	0	0	13144	2	0	0	1140	0	0	0	82	0	0	0	0	0	0	0	0	0	0	0	0	0	0	0	0	0
0	14	0	-	2	20	18	G	C	-	-	0	0	13140	4	0	0	1138	0	0	0	82	0	0	0	0	0	0	0	0	0	0	0	0	0	0	0	0	0
0	14	0	-	2	21	17	T	A	-	-	10	7	10	13108	0	0	0	1129	0	0	0	82	0	0	0	0	0	0	0	0	0	0	0	0	0	0	0	0
0	14	0	-	2	22	16	T	A	-	-	0	0	1	13143	0	0	0	1138	0	0	0	82	0	0	0	0	0	0	0	0	0	0	0	0	0	0	0	0
0	14	0	-	2	23	15	C	G	-	-	9	13130	1	5	0	1139	0	0	0	82	0	0	0	0	0	0	0	0	0	0	0	0	0	0	0	0	0	0
0	14	0	-	2	24	14	A	T	-	-	13140	2	3	1	1140	0	0	0	82	0	0	0	0	0	0	0	0	0	0	0	0	0	0	0	0	0	0	0
0	14	0	-	2	25	13	C	G	-	-	4	13140	0	1	0	1139	0	0	0	82	0	0	0	0	0	0	0	0	0	0	0	0	0	0	0	0	0	0
0	14	0	-	2	26	12	T	A	-	-	1	1	1	13142	0	0	0	1139	0	0	0	81	0	0	0	0	0	0	0	0	0	0	0	0	0	0	0	0
0	14	0	-	2	27	11	A	T	-	-	13143	0	1	2	1140	0	0	0	82	0	0	0	0	0	0	0	0	0	0	0	0	0	0	0	0	0	0	0
0	14	0	-	2	28	10	C	G	-	-	3	13142	0	1	0	1140	0	0	0	82	0	0	0	0	0	0	0	0	0	0	0	0	0	0	0	0	0	0
0	14	0	-	2	29	9	T	A	-	-	1	1	0	13141	0	0	0	1137	0	0	0	82	0	0	0	0	0	0	0	0	0	0	0	0	0	0	0	0
0	14	0	-	2	30	8	G	C	-	-	1	0	13143	1	0	0	1139	0	0	0	82	0	0	0	0	0	0	0	0	0	0	0	0	0	0	0	0	0
0	14	0	-	2	31	7	T	A	-	-	10	6	15	13108	0	0	0	1133	0	0	0	82	0	0	0	0	0	0	0	0	0	0	0	0	0	0	0	0
0	14	0	-	2	32	6	G	C	-	-	7	1	13135	2	0	0	1139	0	0	0	82	0	0	0	0	0	0	0	0	0	0	0	0	0	0	0	0	0
0	14	0	-	2	33	5	C	G	-	-	2	13140	1	3	0	1140	0	0	0	82	0	0	0	0	0	0	0	0	0	0	0	0	0	0	0	0	0	0
0	14	0	-	2	34	4	A	T	-	-	13142	0	3	0	1139	0	0	0	82	0	0	0	0	0	0	0	0	0	0	0	0	0	0	0	0	0	0	0
0	14	0	-	2	35	3	T	A	-	-	3	4	2	13137	0	0	0	1140	0	0	0	82	0	0	0	0	0	0	0	0	0	0	0	0	0	0	0	0
0	14	0	-	2	36	2	C	G	-	-	0	13144	0	0	0	1138	0	0	0	82	0	0	0	0	0	0	0	0	0	0	0	0	0	0	0	0	0	0
2	14	0	-	2	37	1	A	T	C	G	13141	3	1	1	1140	0	0	0	82	0	0	0	0	0	0	0	0	0	0	0	0	0	0	0	0	0	0	0
0	14	0	-	2	38	0	T	A	-	-	0	0	0	13146	0	0	0	1140	0	0	0	82	0	0	0	0	0	0	0	0	0	0	0	0	0	0	0	0
