target_base	locus_index	reference_index	target_strand	read_index	read_pos	template_pos	expected_read_base	expected_template_base	variant_read_base	variant_template_base	A1	C1	G1	T1	A2	C2	G2	T2	A3	C3	G3	T3	A5	C5	G5	T5	A10	C10	G10	T10	A15	C15	G15	T15	A20	C20	G20	T20
0	7	0	-	1	0	0	T	T	-	-	0	0	0	937	0	0	0	13	0	0	0	0	0	0	0	0	0	0	0	0	0	0	0	0	0	0	0	0
0	7	0	-	1	1	1	C	C	-	-	0	937	0	0	0	13	0	0	0	0	0	0	0	0	0	0	0	0	0	0	0	0	0	0	0	0	0	0
0	7	0	-	1	2	2	C	C	-	-	0	937	0	0	0	13	0	0	0	0	0	0	0	0	0	0	0	0	0	0	0	0	0	0	0	0	0	0
0	7	0	-	1	3	3	A	A	-	-	937	0	0	0	13	0	0	0	0	0	0	0	0	0	0	0	0	0	0	0	0	0	0	0	0	0	0	0
0	7	0	-	1	4	4	G	G	-	-	0	0	937	0	0	0	13	0	0	0	0	0	0	0	0	0	0	0	0	0	0	0	0	0	0	0	0	0
0	7	0	-	1	5	5	A	A	-	-	936	0	1	0	13	0	0	0	0	0	0	0	0	0	0	0	0	0	0	0	0	0	0	0	0	0	0	0
0	7	0	-	1	6	6	C	C	-	-	0	937	0	0	0	13	0	0	0	0	0	0	0	0	0	0	0	0	0	0	0	0	0	0	0	0	0	0
0	7	0	-	1	7	7	A	A	-	-	937	0	0	0	13	0	0	0	0	0	0	0	0	0	0	0	0	0	0	0	0	0	0	0	0	0	0	0
0	7	0	-	1	8	8	G	G	-	-	0	0	937	0	0	0	13	0	0	0	0	0	0	0	0	0	0	0	0	0	0	0	0	0	0	0	0	0
0	7	0	-	1	9	9	G	G	-	-	0	0	936	1	0	0	13	0	0	0	0	0	0	0	0	0	0	0	0	0	0	0	0	0	0	0	0	0
0	7	0	-	1	10	10	T	T	-	-	1	1	3	932	0	0	0	13	0	0	0	0	0	0	0	0	0	0	0	0	0	0	0	0	0	0	0	0
0	7	0	-	1	11	11	C	C	-	-	1	936	0	0	0	13	0	0	0	0	0	0	0	0	0	0	0	0	0	0	0	0	0	0	0	0	0	0
2	7	0	-	1	12	12	C	C	T	T	1	935	0	1	0	13	0	0	0	0	0	0	0	0	0	0	0	0	0	0	0	0	0	0	0	0	0	0
0	7	0	-	1	13	13	T	T	-	-	0	2	0	935	0	0	0	13	0	0	0	0	0	0	0	0	0	0	0	0	0	0	0	0	0	0	0	0
0	7	0	-	1	14	14	G	G	-	-	2	1	864	70	0	0	12	1	0	0	0	0	0	0	0	0	0	0	0	0	0	0	0	0	0	0	0	0
0	7	0	-	1	15	15	G	G	-	-	0	0	937	0	0	0	13	0	0	0	0	0	0	0	0	0	0	0	0	0	0	0	0	0	0	0	0	0
0	7	0	-	1	16	16	A	A	-	-	937	0	0	0	13	0	0	0	0	0	0	0	0	0	0	0	0	0	0	0	0	0	0	0	0	0	0	0
0	7	0	-	1	17	17	A	A	-	-	937	0	0	0	13	0	0	0	0	0	0	0	0	0	0	0	0	0	0	0	0	0	0	0	0	0	0	0
0	7	0	-	1	18	18	G	G	-	-	0	0	936	1	0	0	13	0	0	0	0	0	0	0	0	0	0	0	0	0	0	0	0	0	0	0	0	0
0	7	0	-	1	19	19	G	G	-	-	0	1	935	1	0	0	13	0	0	0	0	0	0	0	0	0	0	0	0	0	0	0	0	0	0	0	0	0
0	7	0	-	1	20	20	C	C	-	-	0	937	0	0	0	13	0	0	0	0	0	0	0	0	0	0	0	0	0	0	0	0	0	0	0	0	0	0
0	7	0	-	1	21	21	T	T	-	-	1	1	1	934	0	0	0	13	0	0	0	0	0	0	0	0	0	0	0	0	0	0	0	0	0	0	0	0
0	7	0	-	1	22	22	G	G	-	-	0	0	936	1	0	0	13	0	0	0	0	0	0	0	0	0	0	0	0	0	0	0	0	0	0	0	0	0
0	7	0	-	1	23	23	A	A	-	-	937	0	0	0	13	0	0	0	0	0	0	0	0	0	0	0	0	0	0	0	0	0	0	0	0	0	0	0
0	7	0	-	1	24	24	C	C	-	-	0	937	0	0	0	13	0	0	0	0	0	0	0	0	0	0	0	0	0	0	0	0	0	0	0	0	0	0
0	7	0	-	1	25	25	C	C	-	-	0	937	0	0	0	13	0	0	0	0	0	0	0	0	0	0	0	0	0	0	0	0	0	0	0	0	0	0
0	7	0	-	1	26	26	A	A	-	-	937	0	0	0	13	0	0	0	0	0	0	0	0	0	0	0	0	0	0	0	0	0	0	0	0	0	0	0
0	7	0	-	1	27	27	A	A	-	-	936	0	1	0	13	0	0	0	0	0	0	0	0	0	0	0	0	0	0	0	0	0	0	0	0	0	0	0
0	7	0	-	1	28	28	A	A	-	-	937	0	0	0	13	0	0	0	0	0	0	0	0	0	0	0	0	0	0	0	0	0	0	0	0	0	0	0
0	7	0	-	1	29	29	T	T	-	-	0	0	0	937	0	0	0	13	0	0	0	0	0	0	0	0	0	0	0	0	0	0	0	0	0	0	0	0
0	7	0	-	1	30	30	C	C	-	-	0	937	0	0	0	13	0	0	0	0	0	0	0	0	0	0	0	0	0	0	0	0	0	0	0	0	0	0
0	7	0	-	1	31	31	C	C	-	-	0	937	0	0	0	13	0	0	0	0	0	0	0	0	0	0	0	0	0	0	0	0	0	0	0	0	0	0
0	7	0	-	1	32	32	A	A	-	-	937	0	0	0	13	0	0	0	0	0	0	0	0	0	0	0	0	0	0	0	0	0	0	0	0	0	0	0
0	7	0	-	1	33	33	A	A	-	-	937	0	0	0	13	0	0	0	0	0	0	0	0	0	0	0	0	0	0	0	0	0	0	0	0	0	0	0
0	7	0	-	1	34	34	A	A	-	-	936	0	1	0	13	0	0	0	0	0	0	0	0	0	0	0	0	0	0	0	0	0	0	0	0	0	0	0
0	7	0	-	1	35	35	C	C	-	-	0	937	0	0	0	13	0	0	0	0	0	0	0	0	0	0	0	0	0	0	0	0	0	0	0	0	0	0
0	7	0	-	1	36	36	C	C	-	-	0	936	0	1	0	13	0	0	0	0	0	0	0	0	0	0	0	0	0	0	0	0	0	0	0	0	0	0
0	7	0	-	1	37	37	A	A	-	-	937	0	0	0	13	0	0	0	0	0	0	0	0	0	0	0	0	0	0	0	0	0	0	0	0	0	0	0
0	7	0	-	1	38	38	A	A	-	-	937	0	0	0	13	0	0	0	0	0	0	0	0	0	0	0	0	0	0	0	0	0	0	0	0	0	0	0
0	7	0	-	1	39	39	A	A	-	-	937	0	0	0	13	0	0	0	0	0	0	0	0	0	0	0	0	0	0	0	0	0	0	0	0	0	0	0
0	7	0	-	1	40	40	A	A	-	-	937	0	0	0	13	0	0	0	0	0	0	0	0	0	0	0	0	0	0	0	0	0	0	0	0	0	0	0
0	7	0	-	1	41	41	C	C	-	-	0	937	0	0	0	13	0	0	0	0	0	0	0	0	0	0	0	0	0	0	0	0	0	0	0	0	0	0
0	7	0	-	1	42	42	G	G	-	-	0	0	936	1	0	0	13	0	0	0	0	0	0	0	0	0	0	0	0	0	0	0	0	0	0	0	0	0
0	7	0	-	1	43	43	A	A	-	-	936	0	0	0	12	0	0	0	0	0	0	0	0	0	0	0	0	0	0	0	0	0	0	0	0	0	0	0
0	7	0	-	1	44	44	A	A	-	-	936	0	1	0	13	0	0	0	0	0	0	0	0	0	0	0	0	0	0	0	0	0	0	0	0	0	0	0
0	7	0	-	2	0	44	T	A	-	-	0	0	0	937	0	0	0	13	0	0	0	0	0	0	0	0	0	0	0	0	0	0	0	0	0	0	0	0
0	7	0	-	2	1	43	T	A	-	-	0	0	0	937	0	0	0	13	0	0	0	0	0	0	0	0	0	0	0	0	0	0	0	0	0	0	0	0
0	7	0	-	2	2	42	C	G	-	-	0	937	0	0	0	13	0	0	0	0	0	0	0	0	0	0	0	0	0	0	0	0	0	0	0	0	0	0
0	7	0	-	2	3	41	G	C	-	-	0	0	937	0	0	0	13	0	0	0	0	0	0	0	0	0	0	0	0	0	0	0	0	0	0	0	0	0
0	7	0	-	2	4	40	T	A	-	-	0	0	0	937	0	0	0	13	0	0	0	0	0	0	0	0	0	0	0	0	0	0	0	0	0	0	0	0
0	7	0	-	2	5	39	T	A	-	-	0	0	0	937	0	0	0	13	0	0	0	0	0	0	0	0	0	0	0	0	0	0	0	0	0	0	0	0
0	7	0	-	2	6	38	T	A	-	-	0	0	0	937	0	0	0	13	0	0	0	0	0	0	0	0	0	0	0	0	0	0	0	0	0	0	0	0
0	7	0	-	2	7	37	T	A	-	-	0	0	0	937	0	0	0	13	0	0	0	0	0	0	0	0	0	0	0	0	0	0	0	0	0	0	0	0
0	7	0	-	2	8	36	G	C	-	-	0	0	937	0	0	0	13	0	0	0	0	0	0	0	0	0	0	0	0	0	0	0	0	0	0	0	0	0
0	7	0	-	2	9	35	G	C	-	-	0	0	937	0	0	0	13	0	0	0	0	0	0	0	0	0	0	0	0	0	0	0	0	0	0	0	0	0
0	7	0	-	2	10	34	T	A	-	-	1	1	0	935	0	0	0	13	0	0	0	0	0	0	0	0	0	0	0	0	0	0	0	0	0	0	0	0
0	7	0	-	2	11	33	T	A	-	-	0	0	0	937	0	0	0	13	0	0	0	0	0	0	0	0	0	0	0	0	0	0	0	0	0	0	0	0
0	7	0	-	2	12	32	T	A	-	-	0	0	0	937	0	0	0	13	0	0	0	0	0	0	0	0	0	0	0	0	0	0	0	0	0	0	0	0
0	7	0	-	2	13	31	G	C	-	-	0	0	937	0	0	0	13	0	0	0	0	0	0	0	0	0	0	0	0	0	0	0	0	0	0	0	0	0
0	7	0	-	2	14	30	G	C	-	-	0	0	937	0	0	0	13	0	0	0	0	0	0	0	0	0	0	0	0	0	0	0	0	0	0	0	0	0
0	7	0	-	2	15	29	A	T	-	-	937	0	0	0	13	0	0	0	0	0	0	0	0	0	0	0	0	0	0	0	0	0	0	0	0	0	0	0
0	7	0	-	2	16	28	T	A	-	-	0	0	0	937	0	0	0	13	0	0	0	0	0	0	0	0	0	0	0	0	0	0	0	0	0	0	0	0
0	7	0	-	2	17	27	T	A	-	-	0	1	0	936	0	0	0	13	0	0	0	0	0	0	0	0	0	0	0	0	0	0	0	0	0	0	0	0
0	7	0	-	2	18	26	T	A	-	-	0	0	0	937	0	0	0	13	0	0	0	0	0	0	0	0	0	0	0	0	0	0	0	0	0	0	0	0
0	7	0	-	2	19	25	G	C	-	-	0	0	937	0	0	0	13	0	0	0	0	0	0	0	0	0	0	0	0	0	0	0	0	0	0	0	0	0
0	7	0	-	2	20	24	G	C	-	-	0	0	937	0	0	0	13	0	0	0	0	0	0	0	0	0	0	0	0	0	0	0	0	0	0	0	0	0
0	7	0	-	2	21	23	T	A	-	-	0	0	0	937	0	0	0	13	0	0	0	0	0	0	0	0	0	0	0	0	0	0	0	0	0	0	0	0
0	7	0	-	2	22	22	C	G	-	-	1	936	0	0	0	13	0	0	0	0	0	0	0	0	0	0	0	0	0	0	0	0	0	0	0	0	0	0
0	7	0	-	2	23	21	A	T	-	-	936	0	1	0	13	0	0	0	0	0	0	0	0	0	0	0	0	0	0	0	0	0	0	0	0	0	0	0
0	7	0	-	2	24	20	G	C	-	-	0	0	937	0	0	0	13	0	0	0	0	0	0	0	0	0	0	0	0	0	0	0	0	0	0	0	0	0
0	7	0	-	2	25	19	C	G	-	-	0	936	1	0	0	13	0	0	0	0	0	0	0	0	0	0	0	0	0	0	0	0	0	0	0	0	0	0
0	7	0	-	2	26	18	C	G	-	-	1	936	0	0	0	13	0	0	0	0	0	0	0	0	0	0	0	0	0	0	0	0	0	0	0	0	0	0
0	7	0	-	2	27	17	T	A	-	-	0	0	0	937	0	0	0	13	0	0	0	0	0	0	0	0	0	0	0	0	0	0	0	0	0	0	0	0
0	7	0	-	2	28	16	T	A	-	-	0	0	0	937	0	0	0	13	0	0	0	0	0	0	0	0	0	0	0	0	0	0	0	0	0	0	0	0
0	7	0	-	2	29	15	C	G	-	-	0	937	0	0	0	13	0	0	0	0	0	0	0	0	0	0	0	0	0	0	0	0	0	0	0	0	0	0
0	7	0	-	2	30	14	C	G	-	-	1	936	0	0	0	13	0	0	0	0	0	0	0	0	0	0	0	0	0	0	0	0	0	0	0	0	0	0
0	7	0	-	2	31	13	A	T	-	-	935	0	2	0	13	0	0	0	0	0	0	0	0	0	0	0	0	0	0	0	0	0	0	0	0	0	0	0
2	7	0	-	2	32	12	G	C	A	T	1	0	935	1	0	0	13	0	0	0	0	0	0	0	0	0	0	0	0	0	0	0	0	0	0	0	0	0
0	7	0	-	2	33	11	G	C	-	-	0	0	936	1	0	0	13	0	0	0	0	0	0	0	0	0	0	0	0	0	0	0	0	0	0	0	0	0
0	7	0	-	2	34	10	A	T	-	-	937	0	0	0	13	0	0	0	0	0	0	0	0	0	0	0	0	0	0	0	0	0	0	0	0	0	0	0
0	7	0	-	2	35	9	C	G	-	-	1	936	0	0	0	13	0	0	0	0	0	0	0	0	0	0	0	0	0	0	0	0	0	0	0	0	0	0
0	7	0	-	2	36	8	C	G	-	-	0	937	0	0	0	13	0	0	0	0	0	0	0	0	0	0	0	0	0	0	0	0	0	0	0	0	0	0
0	7	0	-	2	37	7	T	A	-	-	0	0	0	937	0	0	0	13	0	0	0	0	0	0	0	0	0	0	0	0	0	0	0	0	0	0	0	0
0	7	0	-	2	38	6	G	C	-	-	0	0	937	0	0	0	13	0	0	0	0	0	0	0	0	0	0	0	0	0	0	0	0	0	0	0	0	0
0	7	0	-	2	39	5	T	A	-	-	0	1	0	936	0	0	0	13	0	0	0	0	0	0	0	0	0	0	0	0	0	0	0	0	0	0	0	0
0	7	0	-	2	40	4	C	G	-	-	0	937	0	0	0	13	0	0	0	0	0	0	0	0	0	0	0	0	0	0	0	0	0	0	0	0	0	0
0	7	0	-	2	41	3	T	A	-	-	0	0	0	937	0	0	0	13	0	0	0	0	0	0	0	0	0	0	0	0	0	0	0	0	0	0	0	0
0	7	0	-	2	42	2	G	C	-	-	1	0	882	54	0	0	13	0	0	0	0	0	0	0	0	0	0	0	0	0	0	0	0	0	0	0	0	0
0	7	0	-	2	43	1	G	C	-	-	0	0	937	0	0	0	13	0	0	0	0	0	0	0	0	0	0	0	0	0	0	0	0	0	0	0	0	0
0	7	0	-	2	44	0	A	T	-	-	936	0	1	0	13	0	0	0	0	0	0	0	0	0	0	0	0	0	0	0	0	0	0	0	0	0	0	0
