target_base	locus_index	reference_index	target_strand	read_index	read_pos	template_pos	expected_read_base	expected_template_base	variant_read_base	variant_template_base	A1	C1	G1	T1	A2	C2	G2	T2	A3	C3	G3	T3	A5	C5	G5	T5	A10	C10	G10	T10	A15	C15	G15	T15	A20	C20	G20	T20
0	27	0	+	1	0	0	A	A	-	-	8574	0	1	0	682	0	0	0	46	0	0	0	2	0	0	0	0	0	0	0	0	0	0	0	0	0	0	0
0	27	0	+	1	1	1	C	C	-	-	2	8573	0	0	0	682	0	0	0	46	0	0	0	2	0	0	0	0	0	0	0	0	0	0	0	0	0	0
0	27	0	+	1	2	2	C	C	-	-	2	8571	0	1	0	681	0	0	0	46	0	0	0	2	0	0	0	0	0	0	0	0	0	0	0	0	0	0
0	27	0	+	1	3	3	T	T	-	-	1	1	2	8569	0	0	0	680	0	0	0	46	0	0	0	2	0	0	0	0	0	0	0	0	0	0	0	0
0	27	0	+	1	4	4	G	G	-	-	2	1	8572	0	0	0	682	0	0	0	46	0	0	0	2	0	0	0	0	0	0	0	0	0	0	0	0	0
0	27	0	+	1	5	5	C	C	-	-	1	8572	0	2	0	682	0	0	0	46	0	0	0	2	0	0	0	0	0	0	0	0	0	0	0	0	0	0
0	27	0	+	1	6	6	T	T	-	-	0	0	1	8574	0	0	0	682	0	0	0	46	0	0	0	2	0	0	0	0	0	0	0	0	0	0	0	0
0	27	0	+	1	7	7	G	G	-	-	4	3	7628	825	0	0	554	13	0	0	35	0	0	0	2	0	0	0	0	0	0	0	0	0	0	0	0	0
0	27	0	+	1	8	8	T	T	-	-	7	6	4	8556	0	0	0	680	0	0	0	45	0	0	0	2	0	0	0	0	0	0	0	0	0	0	0	0
0	27	0	+	1	9	9	G	G	-	-	3	0	8570	2	0	0	682	0	0	0	46	0	0	0	2	0	0	0	0	0	0	0	0	0	0	0	0	0
0	27	0	+	1	10	10	A	A	-	-	8573	0	2	0	682	0	0	0	46	0	0	0	2	0	0	0	0	0	0	0	0	0	0	0	0	0	0	0
0	27	0	+	1	11	11	A	A	-	-	8572	1	1	0	681	0	0	0	46	0	0	0	2	0	0	0	0	0	0	0	0	0	0	0	0	0	0	0
0	27	0	+	1	12	12	T	T	-	-	1	0	0	8573	0	0	0	681	0	0	0	46	0	0	0	2	0	0	0	0	0	0	0	0	0	0	0	0
0	27	0	+	1	13	13	A	A	-	-	8575	0	0	0	682	0	0	0	46	0	0	0	2	0	0	0	0	0	0	0	0	0	0	0	0	0	0	0
0	27	0	+	1	14	14	T	T	-	-	1	0	0	8574	0	0	0	682	0	0	0	46	0	0	0	2	0	0	0	0	0	0	0	0	0	0	0	0
0	27	0	+	1	15	15	T	T	-	-	0	0	1	8574	0	0	0	682	0	0	0	46	0	0	0	2	0	0	0	0	0	0	0	0	0	0	0	0
0	27	0	+	1	16	16	T	T	-	-	1	2	0	8572	0	0	0	682	0	0	0	46	0	0	0	2	0	0	0	0	0	0	0	0	0	0	0	0
0	27	0	+	1	17	17	T	T	-	-	1	1	0	8573	0	0	0	682	0	0	0	46	0	0	0	2	0	0	0	0	0	0	0	0	0	0	0	0
2	27	0	+	1	18	18	C	C	T	T	1	8553	1	20	0	682	0	0	0	46	0	0	0	2	0	0	0	0	0	0	0	0	0	0	0	0	0	0
0	27	0	+	1	19	19	C	C	-	-	2	8571	0	1	0	681	0	0	0	46	0	0	0	2	0	0	0	0	0	0	0	0	0	0	0	0	0	0
0	27	0	+	1	20	20	A	A	-	-	8563	1	5	3	679	0	0	0	46	0	0	0	2	0	0	0	0	0	0	0	0	0	0	0	0	0	0	0
0	27	0	+	1	21	21	G	G	-	-	0	0	8571	3	0	0	681	0	0	0	46	0	0	0	2	0	0	0	0	0	0	0	0	0	0	0	0	0
0	27	0	+	1	22	22	G	G	-	-	3	0	8571	1	0	0	682	0	0	0	46	0	0	0	2	0	0	0	0	0	0	0	0	0	0	0	0	0
0	27	0	+	1	23	23	C	C	-	-	0	8571	1	2	0	680	0	1	0	45	0	0	0	2	0	0	0	0	0	0	0	0	0	0	0	0	0	0
0	27	0	+	1	24	24	T	T	-	-	2	0	0	8573	0	0	0	682	0	0	0	46	0	0	0	2	0	0	0	0	0	0	0	0	0	0	0	0
0	27	0	+	1	25	25	A	A	-	-	8570	1	2	1	681	0	0	0	46	0	0	0	2	0	0	0	0	0	0	0	0	0	0	0	0	0	0	0
0	27	0	+	1	26	26	C	C	-	-	0	8574	0	0	0	681	0	0	0	45	0	0	0	2	0	0	0	0	0	0	0	0	0	0	0	0	0	0
0	27	0	+	1	27	27	A	A	-	-	8573	1	1	0	682	0	0	0	46	0	0	0	2	0	0	0	0	0	0	0	0	0	0	0	0	0	0	0
0	27	0	+	1	28	28	A	A	-	-	8575	0	0	0	682	0	0	0	46	0	0	0	2	0	0	0	0	0	0	0	0	0	0	0	0	0	0	0
0	27	0	+	1	29	29	T	T	-	-	0	3	0	8571	0	0	0	681	0	0	0	46	0	0	0	2	0	0	0	0	0	0	0	0	0	0	0	0
0	27	0	+	1	30	30	T	T	-	-	1	0	0	8574	0	0	0	682	0	0	0	46	0	0	0	2	0	0	0	0	0	0	0	0	0	0	0	0
0	27	0	+	1	31	31	A	A	-	-	8571	1	1	1	681	0	0	0	45	0	0	0	2	0	0	0	0	0	0	0	0	0	0	0	0	0	0	0
0	27	0	+	1	32	32	T	T	-	-	0	1	0	8574	0	0	0	682	0	0	0	46	0	0	0	2	0	0	0	0	0	0	0	0	0	0	0	0
0	27	0	+	1	33	33	A	A	-	-	8575	0	0	0	682	0	0	0	46	0	0	0	2	0	0	0	0	0	0	0	0	0	0	0	0	0	0	0
0	27	0	+	1	34	34	C	C	-	-	2	8571	0	1	0	681	0	0	0	45	0	0	0	2	0	0	0	0	0	0	0	0	0	0	0	0	0	0
0	27	0	+	1	35	35	A	A	-	-	8574	0	1	0	682	0	0	0	46	0	0	0	2	0	0	0	0	0	0	0	0	0	0	0	0	0	0	0
0	27	0	+	1	36	36	A	A	-	-	8574	1	0	0	682	0	0	0	46	0	0	0	2	0	0	0	0	0	0	0	0	0	0	0	0	0	0	0
0	27	0	+	1	37	37	C	C	-	-	2	8572	0	0	0	681	0	0	0	46	0	0	0	2	0	0	0	0	0	0	0	0	0	0	0	0	0	0
0	27	0	+	1	38	38	A	A	-	-	8572	0	1	1	681	0	0	0	46	0	0	0	2	0	0	0	0	0	0	0	0	0	0	0	0	0	0	0
0	27	0	+	1	39	39	A	A	-	-	8575	0	0	0	682	0	0	0	46	0	0	0	2	0	0	0	0	0	0	0	0	0	0	0	0	0	0	0
0	27	0	+	1	40	40	C	C	-	-	1	8569	0	4	0	681	0	0	0	46	0	0	0	2	0	0	0	0	0	0	0	0	0	0	0	0	0	0
0	27	0	+	1	41	41	A	A	-	-	8574	1	0	0	682	0	0	0	46	0	0	0	2	0	0	0	0	0	0	0	0	0	0	0	0	0	0	0
0	27	0	+	2	0	41	T	A	-	-	14	9	22	8521	0	0	0	673	0	0	0	45	0	0	0	2	0	0	0	0	0	0	0	0	0	0	0	0
0	27	0	+	2	1	40	G	C	-	-	2	0	8573	0	0	0	682	0	0	0	46	0	0	0	2	0	0	0	0	0	0	0	0	0	0	0	0	0
0	27	0	+	2	2	39	T	A	-	-	1	3	0	8570	0	0	0	681	0	0	0	46	0	0	0	2	0	0	0	0	0	0	0	0	0	0	0	0
0	27	0	+	2	3	38	T	A	-	-	1	1	0	8572	0	0	0	681	0	0	0	46	0	0	0	2	0	0	0	0	0	0	0	0	0	0	0	0
0	27	0	+	2	4	37	G	C	-	-	0	0	8575	0	0	0	682	0	0	0	46	0	0	0	2	0	0	0	0	0	0	0	0	0	0	0	0	0
0	27	0	+	2	5	36	T	A	-	-	0	1	2	8572	0	0	0	682	0	0	0	46	0	0	0	2	0	0	0	0	0	0	0	0	0	0	0	0
0	27	0	+	2	6	35	T	A	-	-	0	1	0	8574	0	0	0	682	0	0	0	46	0	0	0	2	0	0	0	0	0	0	0	0	0	0	0	0
0	27	0	+	2	7	34	G	C	-	-	1	0	8572	0	0	0	680	0	0	0	44	0	0	0	2	0	0	0	0	0	0	0	0	0	0	0	0	0
0	27	0	+	2	8	33	T	A	-	-	7	1	0	8566	0	0	0	681	0	0	0	46	0	0	0	2	0	0	0	0	0	0	0	0	0	0	0	0
0	27	0	+	2	9	32	A	T	-	-	8574	1	0	0	682	0	0	0	46	0	0	0	2	0	0	0	0	0	0	0	0	0	0	0	0	0	0	0
0	27	0	+	2	10	31	T	A	-	-	0	1	0	8574	0	0	0	682	0	0	0	46	0	0	0	2	0	0	0	0	0	0	0	0	0	0	0	0
0	27	0	+	2	11	30	A	T	-	-	8574	0	0	1	682	0	0	0	46	0	0	0	2	0	0	0	0	0	0	0	0	0	0	0	0	0	0	0
0	27	0	+	2	12	29	A	T	-	-	8572	0	3	0	682	0	0	0	46	0	0	0	2	0	0	0	0	0	0	0	0	0	0	0	0	0	0	0
0	27	0	+	2	13	28	T	A	-	-	0	0	0	8575	0	0	0	682	0	0	0	46	0	0	0	2	0	0	0	0	0	0	0	0	0	0	0	0
0	27	0	+	2	14	27	T	A	-	-	0	0	0	8575	0	0	0	682	0	0	0	46	0	0	0	2	0	0	0	0	0	0	0	0	0	0	0	0
0	27	0	+	2	15	26	G	C	-	-	0	1	8573	1	0	0	682	0	0	0	46	0	0	0	2	0	0	0	0	0	0	0	0	0	0	0	0	0
0	27	0	+	2	16	25	T	A	-	-	7	4	0	8560	0	0	0	678	0	0	0	46	0	0	0	2	0	0	0	0	0	0	0	0	0	0	0	0
0	27	0	+	2	17	24	A	T	-	-	8574	1	0	0	682	0	0	0	46	0	0	0	2	0	0	0	0	0	0	0	0	0	0	0	0	0	0	0
0	27	0	+	2	18	23	G	C	-	-	2	0	8570	3	1	0	681	0	0	0	46	0	0	0	2	0	0	0	0	0	0	0	0	0	0	0	0	0
0	27	0	+	2	19	22	C	G	-	-	2	8569	0	4	0	682	0	0	0	46	0	0	0	2	0	0	0	0	0	0	0	0	0	0	0	0	0	0
0	27	0	+	2	20	21	C	G	-	-	2	8572	0	0	0	681	0	0	0	46	0	0	0	2	0	0	0	0	0	0	0	0	0	0	0	0	0	0
0	27	0	+	2	21	20	T	A	-	-	3	5	1	8563	0	0	0	679	0	0	0	46	0	0	0	2	0	0	0	0	0	0	0	0	0	0	0	0
0	27	0	+	2	22	19	G	C	-	-	1	0	8571	2	0	0	681	0	0	0	46	0	0	0	2	0	0	0	0	0	0	0	0	0	0	0	0	0
2	27	0	+	2	23	18	G	C	A	T	20	1	8553	1	0	0	682	0	0	0	46	0	0	0	2	0	0	0	0	0	0	0	0	0	0	0	0	0
0	27	0	+	2	24	17	A	T	-	-	8572	0	1	1	681	0	0	0	46	0	0	0	2	0	0	0	0	0	0	0	0	0	0	0	0	0	0	0
0	27	0	+	2	25	16	A	T	-	-	8572	0	2	1	682	0	0	0	46	0	0	0	2	0	0	0	0	0	0	0	0	0	0	0	0	0	0	0
0	27	0	+	2	26	15	A	T	-	-	8572	3	0	0	682	0	0	0	46	0	0	0	2	0	0	0	0	0	0	0	0	0	0	0	0	0	0	0
0	27	0	+	2	27	14	A	T	-	-	8574	0	0	1	682	0	0	0	46	0	0	0	2	0	0	0	0	0	0	0	0	0	0	0	0	0	0	0
0	27	0	+	2	28	13	T	A	-	-	0	0	0	8575	0	0	0	682	0	0	0	46	0	0	0	2	0	0	0	0	0	0	0	0	0	0	0	0
0	27	0	+	2	29	12	A	T	-	-	8573	0	0	1	681	0	0	0	46	0	0	0	2	0	0	0	0	0	0	0	0	0	0	0	0	0	0	0
0	27	0	+	2	30	11	T	A	-	-	1	0	1	8573	0	0	0	682	0	0	0	46	0	0	0	2	0	0	0	0	0	0	0	0	0	0	0	0
0	27	0	+	2	31	10	T	A	-	-	2	3	0	8570	0	0	0	682	0	0	0	46	0	0	0	2	0	0	0	0	0	0	0	0	0	0	0	0
0	27	0	+	2	32	9	C	G	-	-	4	8569	0	2	0	682	0	0	0	46	0	0	0	2	0	0	0	0	0	0	0	0	0	0	0	0	0	0
0	27	0	+	2	33	8	A	T	-	-	8573	0	2	0	682	0	0	0	46	0	0	0	2	0	0	0	0	0	0	0	0	0	0	0	0	0	0	0
0	27	0	+	2	34	7	C	G	-	-	1	8573	0	1	0	682	0	0	0	46	0	0	0	2	0	0	0	0	0	0	0	0	0	0	0	0	0	0
0	27	0	+	2	35	6	A	T	-	-	8574	1	0	0	682	0	0	0	46	0	0	0	2	0	0	0	0	0	0	0	0	0	0	0	0	0	0	0
0	27	0	+	2	36	5	G	C	-	-	2	0	8572	0	0	0	681	0	0	0	46	0	0	0	2	0	0	0	0	0	0	0	0	0	0	0	0	0
0	27	0	+	2	37	4	C	G	-	-	1	8572	1	1	0	682	0	0	0	46	0	0	0	2	0	0	0	0	0	0	0	0	0	0	0	0	0	0
0	27	0	+	2	38	3	A	T	-	-	8575	0	0	0	682	0	0	0	46	0	0	0	2	0	0	0	0	0	0	0	0	0	0	0	0	0	0	0
0	27	0	+	2	39	2	G	C	-	-	1	0	8570	3	0	0	681	0	0	0	46	0	0	0	2	0	0	0	0	0	0	0	0	0	0	0	0	0
0	27	0	+	2	40	1	G	C	-	-	0	0	8573	2	0	0	682	0	0	0	46	0	0	0	2	0	0	0	0	0	0	0	0	0	0	0	0	0
0	27	0	+	2	41	0	T	A	-	-	13	8	13	8533	0	0	0	674	0	0	0	45	0	0	0	2	0	0	0	0	0	0	0	0	0	0	0	0
