target_base	locus_index	reference_index	target_strand	read_index	read_pos	template_pos	expected_read_base	expected_template_base	variant_read_base	variant_template_base	A1	C1	G1	T1	A2	C2	G2	T2	A3	C3	G3	T3	A5	C5	G5	T5	A10	C10	G10	T10	A15	C15	G15	T15	A20	C20	G20	T20
0	19	0	+	1	0	0	A	A	-	-	5599	0	0	0	295	0	0	0	14	0	0	0	0	0	0	0	0	0	0	0	0	0	0	0	0	0	0	0
0	19	0	+	1	1	1	C	C	-	-	0	5599	0	0	0	295	0	0	0	14	0	0	0	0	0	0	0	0	0	0	0	0	0	0	0	0	0	0
0	19	0	+	1	2	2	T	T	-	-	0	0	0	5599	0	0	0	295	0	0	0	14	0	0	0	0	0	0	0	0	0	0	0	0	0	0	0	0
0	19	0	+	1	3	3	T	T	-	-	0	0	1	5598	0	0	0	295	0	0	0	14	0	0	0	0	0	0	0	0	0	0	0	0	0	0	0	0
0	19	0	+	1	4	4	C	C	-	-	0	5598	0	1	0	295	0	0	0	14	0	0	0	0	0	0	0	0	0	0	0	0	0	0	0	0	0	0
0	19	0	+	1	5	5	T	T	-	-	0	0	0	5599	0	0	0	295	0	0	0	14	0	0	0	0	0	0	0	0	0	0	0	0	0	0	0	0
0	19	0	+	1	6	6	A	A	-	-	5598	0	1	0	295	0	0	0	14	0	0	0	0	0	0	0	0	0	0	0	0	0	0	0	0	0	0	0
0	19	0	+	1	7	7	C	C	-	-	0	5597	0	1	0	294	0	0	0	14	0	0	0	0	0	0	0	0	0	0	0	0	0	0	0	0	0	0
0	19	0	+	1	8	8	A	A	-	-	5599	0	0	0	295	0	0	0	14	0	0	0	0	0	0	0	0	0	0	0	0	0	0	0	0	0	0	0
0	19	0	+	1	9	9	C	C	-	-	0	5597	0	1	0	294	0	0	0	14	0	0	0	0	0	0	0	0	0	0	0	0	0	0	0	0	0	0
0	19	0	+	1	10	10	T	T	-	-	0	1	0	5598	0	0	0	295	0	0	0	14	0	0	0	0	0	0	0	0	0	0	0	0	0	0	0	0
0	19	0	+	1	11	11	T	T	-	-	0	2	5	5592	0	0	0	295	0	0	0	14	0	0	0	0	0	0	0	0	0	0	0	0	0	0	0	0
0	19	0	+	1	12	12	T	T	-	-	0	1	0	5598	0	0	0	295	0	0	0	14	0	0	0	0	0	0	0	0	0	0	0	0	0	0	0	0
0	19	0	+	1	13	13	A	A	-	-	5598	0	1	0	295	0	0	0	14	0	0	0	0	0	0	0	0	0	0	0	0	0	0	0	0	0	0	0
0	19	0	+	1	14	14	T	T	-	-	1	1	1	5596	0	0	0	295	0	0	0	14	0	0	0	0	0	0	0	0	0	0	0	0	0	0	0	0
0	19	0	+	1	15	15	T	T	-	-	0	0	0	5598	0	0	0	294	0	0	0	14	0	0	0	0	0	0	0	0	0	0	0	0	0	0	0	0
0	19	0	+	1	16	16	T	T	-	-	0	4	0	5595	0	0	0	295	0	0	0	14	0	0	0	0	0	0	0	0	0	0	0	0	0	0	0	0
0	19	0	+	1	17	17	C	C	-	-	1	5598	0	0	0	295	0	0	0	14	0	0	0	0	0	0	0	0	0	0	0	0	0	0	0	0	0	0
0	19	0	+	1	18	18	T	T	-	-	1	1	0	5596	0	0	0	294	0	0	0	14	0	0	0	0	0	0	0	0	0	0	0	0	0	0	0	0
0	19	0	+	1	19	19	A	A	-	-	5597	0	1	0	294	0	0	0	14	0	0	0	0	0	0	0	0	0	0	0	0	0	0	0	0	0	0	0
0	19	0	+	1	20	20	T	T	-	-	1	1	0	5597	0	0	0	295	0	0	0	14	0	0	0	0	0	0	0	0	0	0	0	0	0	0	0	0
2	19	0	+	1	21	21	C	C	G	G	2	5590	5	2	0	294	1	0	0	14	0	0	0	0	0	0	0	0	0	0	0	0	0	0	0	0	0	0
0	19	0	+	1	22	22	G	G	-	-	3	0	5596	0	0	0	295	0	0	0	14	0	0	0	0	0	0	0	0	0	0	0	0	0	0	0	0	0
0	19	0	+	1	23	23	T	T	-	-	1	3	4	5590	0	0	0	294	0	0	0	14	0	0	0	0	0	0	0	0	0	0	0	0	0	0	0	0
0	19	0	+	1	24	24	G	G	-	-	0	0	5597	2	0	0	295	0	0	0	14	0	0	0	0	0	0	0	0	0	0	0	0	0	0	0	0	0
0	19	0	+	1	25	25	T	T	-	-	0	1	0	5598	0	0	0	295	0	0	0	14	0	0	0	0	0	0	0	0	0	0	0	0	0	0	0	0
0	19	0	+	1	26	26	T	T	-	-	0	0	0	5599	0	0	0	295	0	0	0	14	0	0	0	0	0	0	0	0	0	0	0	0	0	0	0	0
0	19	0	+	1	27	27	T	T	-	-	0	1	0	5598	0	0	0	295	0	0	0	14	0	0	0	0	0	0	0	0	0	0	0	0	0	0	0	0
0	19	0	+	1	28	28	T	T	-	-	0	0	0	5598	0	0	0	294	0	0	0	14	0	0	0	0	0	0	0	0	0	0	0	0	0	0	0	0
0	19	0	+	1	29	29	T	T	-	-	0	0	0	5598	0	0	0	294	0	0	0	14	0	0	0	0	0	0	0	0	0	0	0	0	0	0	0	0
0	19	0	+	1	30	30	C	C	-	-	0	5598	0	0	0	294	0	0	0	14	0	0	0	0	0	0	0	0	0	0	0	0	0	0	0	0	0	0
0	19	0	+	1	31	31	T	T	-	-	1	3	0	5595	0	0	0	295	0	0	0	14	0	0	0	0	0	0	0	0	0	0	0	0	0	0	0	0
0	19	0	+	1	32	32	C	C	-	-	2	5597	0	0	0	295	0	0	0	14	0	0	0	0	0	0	0	0	0	0	0	0	0	0	0	0	0	0
0	19	0	+	1	33	33	C	C	-	-	1	5598	0	0	0	295	0	0	0	14	0	0	0	0	0	0	0	0	0	0	0	0	0	0	0	0	0	0
0	19	0	+	1	34	34	A	A	-	-	5598	0	1	0	295	0	0	0	14	0	0	0	0	0	0	0	0	0	0	0	0	0	0	0	0	0	0	0
0	19	0	+	1	35	35	A	A	-	-	5598	0	0	0	294	0	0	0	14	0	0	0	0	0	0	0	0	0	0	0	0	0	0	0	0	0	0	0
0	19	0	+	1	36	36	A	A	-	-	5598	1	0	0	295	0	0	0	14	0	0	0	0	0	0	0	0	0	0	0	0	0	0	0	0	0	0	0
0	19	0	+	1	37	37	A	A	-	-	5597	0	2	0	295	0	0	0	14	0	0	0	0	0	0	0	0	0	0	0	0	0	0	0	0	0	0	0
0	19	0	+	1	38	38	T	T	-	-	0	0	0	5599	0	0	0	295	0	0	0	14	0	0	0	0	0	0	0	0	0	0	0	0	0	0	0	0
0	19	0	+	1	39	39	T	T	-	-	0	0	0	5599	0	0	0	295	0	0	0	14	0	0	0	0	0	0	0	0	0	0	0	0	0	0	0	0
0	19	0	+	1	40	40	T	T	-	-	0	2	0	5597	0	0	0	295	0	0	0	14	0	0	0	0	0	0	0	0	0	0	0	0	0	0	0	0
0	19	0	+	1	41	41	T	T	-	-	0	0	0	5599	0	0	0	295	0	0	0	14	0	0	0	0	0	0	0	0	0	0	0	0	0	0	0	0
0	19	0	+	1	42	42	G	G	-	-	1	0	5595	3	0	0	295	0	0	0	14	0	0	0	0	0	0	0	0	0	0	0	0	0	0	0	0	0
0	19	0	+	1	43	43	T	T	-	-	1	3	2	5593	0	0	0	295	0	0	0	14	0	0	0	0	0	0	0	0	0	0	0	0	0	0	0	0
0	19	0	+	1	44	44	G	G	-	-	2	0	5597	0	0	0	295	0	0	0	14	0	0	0	0	0	0	0	0	0	0	0	0	0	0	0	0	0
0	19	0	+	1	45	45	C	C	-	-	1	5591	0	6	0	294	0	0	0	13	0	0	0	0	0	0	0	0	0	0	0	0	0	0	0	0	0	0
0	19	0	+	1	46	46	A	A	-	-	5597	1	1	0	295	0	0	0	14	0	0	0	0	0	0	0	0	0	0	0	0	0	0	0	0	0	0	0
0	19	0	+	1	47	47	A	A	-	-	5594	0	1	2	293	0	0	0	14	0	0	0	0	0	0	0	0	0	0	0	0	0	0	0	0	0	0	0
0	19	0	+	2	0	47	T	A	-	-	2	1	0	5595	0	0	0	294	0	0	0	14	0	0	0	0	0	0	0	0	0	0	0	0	0	0	0	0
0	19	0	+	2	1	46	T	A	-	-	1	1	0	5597	0	0	0	295	0	0	0	14	0	0	0	0	0	0	0	0	0	0	0	0	0	0	0	0
0	19	0	+	2	2	45	G	C	-	-	6	0	5588	4	0	0	294	0	0	0	13	0	0	0	0	0	0	0	0	0	0	0	0	0	0	0	0	0
0	19	0	+	2	3	44	C	G	-	-	1	5596	0	2	0	295	0	0	0	14	0	0	0	0	0	0	0	0	0	0	0	0	0	0	0	0	0	0
0	19	0	+	2	4	43	A	T	-	-	5597	0	2	0	295	0	0	0	14	0	0	0	0	0	0	0	0	0	0	0	0	0	0	0	0	0	0	0
0	19	0	+	2	5	42	C	G	-	-	2	5596	0	1	0	295	0	0	0	14	0	0	0	0	0	0	0	0	0	0	0	0	0	0	0	0	0	0
0	19	0	+	2	6	41	A	T	-	-	5599	0	0	0	295	0	0	0	14	0	0	0	0	0	0	0	0	0	0	0	0	0	0	0	0	0	0	0
0	19	0	+	2	7	40	A	T	-	-	5597	0	2	0	295	0	0	0	14	0	0	0	0	0	0	0	0	0	0	0	0	0	0	0	0	0	0	0
0	19	0	+	2	8	39	A	T	-	-	5599	0	0	0	295	0	0	0	14	0	0	0	0	0	0	0	0	0	0	0	0	0	0	0	0	0	0	0
0	19	0	+	2	9	38	A	T	-	-	5598	0	0	0	294	0	0	0	14	0	0	0	0	0	0	0	0	0	0	0	0	0	0	0	0	0	0	0
0	19	0	+	2	10	37	T	A	-	-	0	1	0	5598	0	0	0	295	0	0	0	14	0	0	0	0	0	0	0	0	0	0	0	0	0	0	0	0
0	19	0	+	2	11	36	T	A	-	-	0	0	0	5599	0	0	0	295	0	0	0	14	0	0	0	0	0	0	0	0	0	0	0	0	0	0	0	0
0	19	0	+	2	12	35	T	A	-	-	0	0	0	5599	0	0	0	295	0	0	0	14	0	0	0	0	0	0	0	0	0	0	0	0	0	0	0	0
0	19	0	+	2	13	34	T	A	-	-	0	1	0	5598	0	0	0	295	0	0	0	14	0	0	0	0	0	0	0	0	0	0	0	0	0	0	0	0
0	19	0	+	2	14	33	G	C	-	-	0	0	5597	2	0	0	295	0	0	0	14	0	0	0	0	0	0	0	0	0	0	0	0	0	0	0	0	0
0	19	0	+	2	15	32	G	C	-	-	0	0	5598	1	0	0	295	0	0	0	14	0	0	0	0	0	0	0	0	0	0	0	0	0	0	0	0	0
0	19	0	+	2	16	31	A	T	-	-	5595	0	3	0	294	0	0	0	14	0	0	0	0	0	0	0	0	0	0	0	0	0	0	0	0	0	0	0
0	19	0	+	2	17	30	G	C	-	-	0	0	5597	1	0	0	294	0	0	0	14	0	0	0	0	0	0	0	0	0	0	0	0	0	0	0	0	0
0	19	0	+	2	18	29	A	T	-	-	5599	0	0	0	295	0	0	0	14	0	0	0	0	0	0	0	0	0	0	0	0	0	0	0	0	0	0	0
0	19	0	+	2	19	28	A	T	-	-	5599	0	0	0	295	0	0	0	14	0	0	0	0	0	0	0	0	0	0	0	0	0	0	0	0	0	0	0
0	19	0	+	2	20	27	A	T	-	-	5598	0	1	0	295	0	0	0	14	0	0	0	0	0	0	0	0	0	0	0	0	0	0	0	0	0	0	0
0	19	0	+	2	21	26	A	T	-	-	5598	1	0	0	295	0	0	0	14	0	0	0	0	0	0	0	0	0	0	0	0	0	0	0	0	0	0	0
0	19	0	+	2	22	25	A	T	-	-	5598	0	1	0	295	0	0	0	14	0	0	0	0	0	0	0	0	0	0	0	0	0	0	0	0	0	0	0
0	19	0	+	2	23	24	C	G	-	-	2	5597	0	0	0	295	0	0	0	14	0	0	0	0	0	0	0	0	0	0	0	0	0	0	0	0	0	0
0	19	0	+	2	24	23	A	T	-	-	5598	0	1	0	295	0	0	0	14	0	0	0	0	0	0	0	0	0	0	0	0	0	0	0	0	0	0	0
0	19	0	+	2	25	22	C	G	-	-	0	5596	0	3	0	295	0	0	0	14	0	0	0	0	0	0	0	0	0	0	0	0	0	0	0	0	0	0
2	19	0	+	2	26	21	G	C	C	G	3	5	5589	2	0	1	294	0	0	0	14	0	0	0	0	0	0	0	0	0	0	0	0	0	0	0	0	0
0	19	0	+	2	27	20	A	T	-	-	5595	0	1	2	294	0	0	0	14	0	0	0	0	0	0	0	0	0	0	0	0	0	0	0	0	0	0	0
0	19	0	+	2	28	19	T	A	-	-	0	1	0	5598	0	0	0	295	0	0	0	14	0	0	0	0	0	0	0	0	0	0	0	0	0	0	0	0
0	19	0	+	2	29	18	A	T	-	-	5597	1	1	0	295	0	0	0	14	0	0	0	0	0	0	0	0	0	0	0	0	0	0	0	0	0	0	0
0	19	0	+	2	30	17	G	C	-	-	0	0	5598	1	0	0	295	0	0	0	14	0	0	0	0	0	0	0	0	0	0	0	0	0	0	0	0	0
0	19	0	+	2	31	16	A	T	-	-	5590	1	6	2	295	0	0	0	14	0	0	0	0	0	0	0	0	0	0	0	0	0	0	0	0	0	0	0
0	19	0	+	2	32	15	A	T	-	-	5599	0	0	0	295	0	0	0	14	0	0	0	0	0	0	0	0	0	0	0	0	0	0	0	0	0	0	0
0	19	0	+	2	33	14	A	T	-	-	5596	1	1	1	295	0	0	0	14	0	0	0	0	0	0	0	0	0	0	0	0	0	0	0	0	0	0	0
0	19	0	+	2	34	13	T	A	-	-	0	1	0	5598	0	0	0	295	0	0	0	14	0	0	0	0	0	0	0	0	0	0	0	0	0	0	0	0
0	19	0	+	2	35	12	A	T	-	-	5598	0	1	0	295	0	0	0	14	0	0	0	0	0	0	0	0	0	0	0	0	0	0	0	0	0	0	0
0	19	0	+	2	36	11	A	T	-	-	5595	0	3	0	294	0	0	0	14	0	0	0	0	0	0	0	0	0	0	0	0	0	0	0	0	0	0	0
0	19	0	+	2	37	10	A	T	-	-	5595	1	2	0	294	0	0	0	14	0	0	0	0	0	0	0	0	0	0	0	0	0	0	0	0	0	0	0
0	19	0	+	2	38	9	G	C	-	-	1	0	5598	0	0	0	295	0	0	0	14	0	0	0	0	0	0	0	0	0	0	0	0	0	0	0	0	0
0	19	0	+	2	39	8	T	A	-	-	7	4	4	5584	0	0	0	295	0	0	0	14	0	0	0	0	0	0	0	0	0	0	0	0	0	0	0	0
0	19	0	+	2	40	7	G	C	-	-	3	2	5560	32	0	0	293	0	0	0	14	0	0	0	0	0	0	0	0	0	0	0	0	0	0	0	0	0
0	19	0	+	2	41	6	T	A	-	-	3	4	5	5584	0	0	0	292	0	0	0	14	0	0	0	0	0	0	0	0	0	0	0	0	0	0	0	0
0	19	0	+	2	42	5	A	T	-	-	5599	0	0	0	295	0	0	0	14	0	0	0	0	0	0	0	0	0	0	0	0	0	0	0	0	0	0	0
0	19	0	+	2	43	4	G	C	-	-	2	0	5594	2	0	0	294	0	0	0	14	0	0	0	0	0	0	0	0	0	0	0	0	0	0	0	0	0
0	19	0	+	2	44	3	A	T	-	-	5599	0	0	0	295	0	0	0	14	0	0	0	0	0	0	0	0	0	0	0	0	0	0	0	0	0	0	0
0	19	0	+	2	45	2	A	T	-	-	5599	0	0	0	295	0	0	0	14	0	0	0	0	0	0	0	0	0	0	0	0	0	0	0	0	0	0	0
0	19	0	+	2	46	1	G	C	-	-	0	0	5599	0	0	0	295	0	0	0	14	0	0	0	0	0	0	0	0	0	0	0	0	0	0	0	0	0
0	19	0	+	2	47	0	T	A	-	-	8	5	11	5574	0	0	0	294	0	0	0	14	0	0	0	0	0	0	0	0	0	0	0	0	0	0	0	0
