target_base	locus_index	reference_index	target_strand	read_index	read_pos	template_pos	expected_read_base	expected_template_base	variant_read_base	variant_template_base	A1	C1	G1	T1	A2	C2	G2	T2	A3	C3	G3	T3	A5	C5	G5	T5	A10	C10	G10	T10	A15	C15	G15	T15	A20	C20	G20	T20
0	10	0	+	1	0	0	T	T	-	-	0	1	0	5519	0	0	0	264	0	0	0	13	0	0	0	0	0	0	0	0	0	0	0	0	0	0	0	0
0	10	0	+	1	1	1	A	A	-	-	5520	0	0	0	264	0	0	0	13	0	0	0	0	0	0	0	0	0	0	0	0	0	0	0	0	0	0	0
0	10	0	+	1	2	2	A	A	-	-	5520	0	0	0	264	0	0	0	13	0	0	0	0	0	0	0	0	0	0	0	0	0	0	0	0	0	0	0
0	10	0	+	1	3	3	C	C	-	-	2	5517	1	0	0	264	0	0	0	13	0	0	0	0	0	0	0	0	0	0	0	0	0	0	0	0	0	0
0	10	0	+	1	4	4	A	A	-	-	5519	0	0	0	263	0	0	0	13	0	0	0	0	0	0	0	0	0	0	0	0	0	0	0	0	0	0	0
0	10	0	+	1	5	5	T	T	-	-	0	1	2	5517	0	0	0	264	0	0	0	13	0	0	0	0	0	0	0	0	0	0	0	0	0	0	0	0
0	10	0	+	1	6	6	C	C	-	-	2	5517	0	1	0	264	0	0	0	13	0	0	0	0	0	0	0	0	0	0	0	0	0	0	0	0	0	0
0	10	0	+	1	7	7	C	C	-	-	0	5520	0	0	0	264	0	0	0	13	0	0	0	0	0	0	0	0	0	0	0	0	0	0	0	0	0	0
0	10	0	+	1	8	8	T	T	-	-	0	2	0	5518	0	0	0	264	0	0	0	13	0	0	0	0	0	0	0	0	0	0	0	0	0	0	0	0
0	10	0	+	1	9	9	A	A	-	-	5519	0	1	0	264	0	0	0	13	0	0	0	0	0	0	0	0	0	0	0	0	0	0	0	0	0	0	0
0	10	0	+	1	10	10	G	G	-	-	0	0	5517	1	0	0	262	0	0	0	13	0	0	0	0	0	0	0	0	0	0	0	0	0	0	0	0	0
2	10	0	+	1	11	11	C	C	T	T	0	5514	0	6	0	264	0	0	0	13	0	0	0	0	0	0	0	0	0	0	0	0	0	0	0	0	0	0
0	10	0	+	1	12	12	G	G	-	-	3	0	5516	1	0	0	264	0	0	0	13	0	0	0	0	0	0	0	0	0	0	0	0	0	0	0	0	0
0	10	0	+	1	13	13	A	A	-	-	5517	0	0	2	263	0	0	0	13	0	0	0	0	0	0	0	0	0	0	0	0	0	0	0	0	0	0	0
0	10	0	+	1	14	14	A	A	-	-	5519	1	0	0	264	0	0	0	13	0	0	0	0	0	0	0	0	0	0	0	0	0	0	0	0	0	0	0
0	10	0	+	1	15	15	T	T	-	-	0	0	1	5518	0	0	0	263	0	0	0	13	0	0	0	0	0	0	0	0	0	0	0	0	0	0	0	0
0	10	0	+	1	16	16	A	A	-	-	5519	1	0	0	264	0	0	0	13	0	0	0	0	0	0	0	0	0	0	0	0	0	0	0	0	0	0	0
0	10	0	+	1	17	17	A	A	-	-	5518	0	1	1	264	0	0	0	13	0	0	0	0	0	0	0	0	0	0	0	0	0	0	0	0	0	0	0
0	10	0	+	1	18	18	A	A	-	-	5519	0	1	0	264	0	0	0	13	0	0	0	0	0	0	0	0	0	0	0	0	0	0	0	0	0	0	0
0	10	0	+	1	19	19	A	A	-	-	5519	1	0	0	264	0	0	0	13	0	0	0	0	0	0	0	0	0	0	0	0	0	0	0	0	0	0	0
0	10	0	+	1	20	20	G	G	-	-	2	0	5517	0	0	0	263	0	0	0	13	0	0	0	0	0	0	0	0	0	0	0	0	0	0	0	0	0
0	10	0	+	1	21	21	T	T	-	-	3	6	8	5501	0	0	0	262	0	0	0	13	0	0	0	0	0	0	0	0	0	0	0	0	0	0	0	0
0	10	0	+	1	22	22	C	C	-	-	3	5515	1	1	0	264	0	0	0	13	0	0	0	0	0	0	0	0	0	0	0	0	0	0	0	0	0	0
0	10	0	+	1	23	23	C	C	-	-	3	5515	1	1	0	264	0	0	0	13	0	0	0	0	0	0	0	0	0	0	0	0	0	0	0	0	0	0
0	10	0	+	1	24	24	C	C	-	-	5	5512	0	2	0	263	0	0	0	13	0	0	0	0	0	0	0	0	0	0	0	0	0	0	0	0	0	0
0	10	0	+	1	25	25	A	A	-	-	5519	0	1	0	264	0	0	0	13	0	0	0	0	0	0	0	0	0	0	0	0	0	0	0	0	0	0	0
0	10	0	+	1	26	26	A	A	-	-	5519	1	0	0	264	0	0	0	13	0	0	0	0	0	0	0	0	0	0	0	0	0	0	0	0	0	0	0
0	10	0	+	1	27	27	A	A	-	-	5518	0	1	0	263	0	0	0	13	0	0	0	0	0	0	0	0	0	0	0	0	0	0	0	0	0	0	0
0	10	0	+	1	28	28	G	G	-	-	3	3	5510	4	0	0	264	0	0	0	13	0	0	0	0	0	0	0	0	0	0	0	0	0	0	0	0	0
0	10	0	+	2	0	28	C	G	-	-	3	5515	2	0	0	264	0	0	0	13	0	0	0	0	0	0	0	0	0	0	0	0	0	0	0	0	0	0
0	10	0	+	2	1	27	T	A	-	-	0	1	0	5519	0	0	0	264	0	0	0	13	0	0	0	0	0	0	0	0	0	0	0	0	0	0	0	0
0	10	0	+	2	2	26	T	A	-	-	1	1	0	5518	0	0	0	264	0	0	0	13	0	0	0	0	0	0	0	0	0	0	0	0	0	0	0	0
0	10	0	+	2	3	25	T	A	-	-	0	1	0	5519	0	0	0	264	0	0	0	13	0	0	0	0	0	0	0	0	0	0	0	0	0	0	0	0
0	10	0	+	2	4	24	G	C	-	-	2	0	5511	6	0	0	263	0	0	0	13	0	0	0	0	0	0	0	0	0	0	0	0	0	0	0	0	0
0	10	0	+	2	5	23	G	C	-	-	1	0	5517	2	0	0	264	0	0	0	13	0	0	0	0	0	0	0	0	0	0	0	0	0	0	0	0	0
0	10	0	+	2	6	22	G	C	-	-	0	1	5514	5	0	0	264	0	0	0	13	0	0	0	0	0	0	0	0	0	0	0	0	0	0	0	0	0
0	10	0	+	2	7	21	A	T	-	-	5516	0	2	2	264	0	0	0	13	0	0	0	0	0	0	0	0	0	0	0	0	0	0	0	0	0	0	0
0	10	0	+	2	8	20	C	G	-	-	2	5513	0	4	0	263	0	0	0	13	0	0	0	0	0	0	0	0	0	0	0	0	0	0	0	0	0	0
0	10	0	+	2	9	19	T	A	-	-	1	2	1	5516	0	0	0	264	0	0	0	13	0	0	0	0	0	0	0	0	0	0	0	0	0	0	0	0
0	10	0	+	2	10	18	T	A	-	-	0	1	0	5519	0	0	0	264	0	0	0	13	0	0	0	0	0	0	0	0	0	0	0	0	0	0	0	0
0	10	0	+	2	11	17	T	A	-	-	2	0	0	5518	0	0	0	264	0	0	0	13	0	0	0	0	0	0	0	0	0	0	0	0	0	0	0	0
0	10	0	+	2	12	16	T	A	-	-	0	0	0	5520	0	0	0	264	0	0	0	13	0	0	0	0	0	0	0	0	0	0	0	0	0	0	0	0
0	10	0	+	2	13	15	A	T	-	-	5518	0	0	1	263	0	0	0	13	0	0	0	0	0	0	0	0	0	0	0	0	0	0	0	0	0	0	0
0	10	0	+	2	14	14	T	A	-	-	0	0	0	5520	0	0	0	264	0	0	0	13	0	0	0	0	0	0	0	0	0	0	0	0	0	0	0	0
0	10	0	+	2	15	13	T	A	-	-	1	0	0	5519	0	0	0	264	0	0	0	13	0	0	0	0	0	0	0	0	0	0	0	0	0	0	0	0
0	10	0	+	2	16	12	C	G	-	-	2	5514	0	4	0	264	0	0	0	13	0	0	0	0	0	0	0	0	0	0	0	0	0	0	0	0	0	0
2	10	0	+	2	17	11	G	C	A	T	6	1	5512	1	0	0	264	0	0	0	13	0	0	0	0	0	0	0	0	0	0	0	0	0	0	0	0	0
0	10	0	+	2	18	10	C	G	-	-	2	5516	1	0	0	263	0	0	0	13	0	0	0	0	0	0	0	0	0	0	0	0	0	0	0	0	0	0
0	10	0	+	2	19	9	T	A	-	-	0	1	0	5519	0	0	0	264	0	0	0	13	0	0	0	0	0	0	0	0	0	0	0	0	0	0	0	0
0	10	0	+	2	20	8	A	T	-	-	5510	2	4	3	263	0	0	0	13	0	0	0	0	0	0	0	0	0	0	0	0	0	0	0	0	0	0	0
0	10	0	+	2	21	7	G	C	-	-	0	0	5519	0	0	0	263	0	0	0	13	0	0	0	0	0	0	0	0	0	0	0	0	0	0	0	0	0
0	10	0	+	2	22	6	G	C	-	-	1	0	5517	1	0	0	263	0	0	0	13	0	0	0	0	0	0	0	0	0	0	0	0	0	0	0	0	0
0	10	0	+	2	23	5	A	T	-	-	5512	2	1	4	263	0	0	0	13	0	0	0	0	0	0	0	0	0	0	0	0	0	0	0	0	0	0	0
0	10	0	+	2	24	4	T	A	-	-	2	1	1	5516	0	0	0	264	0	0	0	13	0	0	0	0	0	0	0	0	0	0	0	0	0	0	0	0
0	10	0	+	2	25	3	G	C	-	-	0	1	5518	1	0	0	264	0	0	0	13	0	0	0	0	0	0	0	0	0	0	0	0	0	0	0	0	0
0	10	0	+	2	26	2	T	A	-	-	2	0	0	5518	0	0	0	264	0	0	0	13	0	0	0	0	0	0	0	0	0	0	0	0	0	0	0	0
0	10	0	+	2	27	1	T	A	-	-	0	1	0	5519	0	0	0	264	0	0	0	13	0	0	0	0	0	0	0	0	0	0	0	0	0	0	0	0
0	10	0	+	2	28	0	A	T	-	-	5519	0	1	0	264	0	0	0	13	0	0	0	0	0	0	0	0	0	0	0	0	0	0	0	0	0	0	0
