target_base	locus_index	reference_index	target_strand	read_index	read_pos	template_pos	expected_read_base	expected_template_base	variant_read_base	variant_template_base	A1	C1	G1	T1	A2	C2	G2	T2	A3	C3	G3	T3	A5	C5	G5	T5	A10	C10	G10	T10	A15	C15	G15	T15	A20	C20	G20	T20
0	28	0	+	1	0	0	G	G	-	-	0	1	8463	3	0	0	547	0	0	0	39	0	0	0	0	0	0	0	0	0	0	0	0	0	0	0	0	0
0	28	0	+	1	1	1	G	G	-	-	2	0	8466	2	0	0	550	0	0	0	39	0	0	0	0	0	0	0	0	0	0	0	0	0	0	0	0	0
0	28	0	+	1	2	2	A	A	-	-	8469	0	0	1	550	0	0	0	39	0	0	0	0	0	0	0	0	0	0	0	0	0	0	0	0	0	0	0
0	28	0	+	1	3	3	C	C	-	-	3	8464	0	1	0	548	0	0	0	39	0	0	0	0	0	0	0	0	0	0	0	0	0	0	0	0	0	0
0	28	0	+	1	4	4	C	C	-	-	1	8469	0	0	0	550	0	0	0	39	0	0	0	0	0	0	0	0	0	0	0	0	0	0	0	0	0	0
0	28	0	+	1	5	5	A	A	-	-	8469	1	0	0	550	0	0	0	39	0	0	0	0	0	0	0	0	0	0	0	0	0	0	0	0	0	0	0
0	28	0	+	1	6	6	G	G	-	-	6	5	7513	840	0	0	434	10	0	0	25	0	0	0	0	0	0	0	0	0	0	0	0	0	0	0	0	0
0	28	0	+	1	7	7	A	A	-	-	8467	3	0	0	550	0	0	0	39	0	0	0	0	0	0	0	0	0	0	0	0	0	0	0	0	0	0	0
0	28	0	+	1	8	8	A	A	-	-	8470	0	0	0	550	0	0	0	39	0	0	0	0	0	0	0	0	0	0	0	0	0	0	0	0	0	0	0
0	28	0	+	1	9	9	A	A	-	-	8467	1	2	0	550	0	0	0	39	0	0	0	0	0	0	0	0	0	0	0	0	0	0	0	0	0	0	0
0	28	0	+	1	10	10	G	G	-	-	2	0	8453	13	0	0	548	0	0	0	39	0	0	0	0	0	0	0	0	0	0	0	0	0	0	0	0	0
0	28	0	+	1	11	11	A	A	-	-	8469	1	0	0	550	0	0	0	39	0	0	0	0	0	0	0	0	0	0	0	0	0	0	0	0	0	0	0
0	28	0	+	1	12	12	G	G	-	-	0	0	8466	3	0	0	549	0	0	0	39	0	0	0	0	0	0	0	0	0	0	0	0	0	0	0	0	0
0	28	0	+	1	13	13	A	A	-	-	8466	2	1	0	549	0	0	0	38	0	0	0	0	0	0	0	0	0	0	0	0	0	0	0	0	0	0	0
0	28	0	+	1	14	14	G	G	-	-	6	3	7704	670	0	0	448	15	0	0	29	0	0	0	0	0	0	0	0	0	0	0	0	0	0	0	0	0
0	28	0	+	1	15	15	A	A	-	-	8466	1	2	0	549	0	0	0	38	0	0	0	0	0	0	0	0	0	0	0	0	0	0	0	0	0	0	0
0	28	0	+	1	16	16	T	T	-	-	0	0	0	8470	0	0	0	550	0	0	0	39	0	0	0	0	0	0	0	0	0	0	0	0	0	0	0	0
0	28	0	+	1	17	17	A	A	-	-	8470	0	0	0	550	0	0	0	39	0	0	0	0	0	0	0	0	0	0	0	0	0	0	0	0	0	0	0
0	28	0	+	1	18	18	A	A	-	-	8470	0	0	0	550	0	0	0	39	0	0	0	0	0	0	0	0	0	0	0	0	0	0	0	0	0	0	0
0	28	0	+	1	19	19	G	G	-	-	1	0	8469	0	0	0	550	0	0	0	39	0	0	0	0	0	0	0	0	0	0	0	0	0	0	0	0	0
0	28	0	+	1	20	20	T	T	-	-	3	8	0	8458	0	0	0	549	0	0	0	38	0	0	0	0	0	0	0	0	0	0	0	0	0	0	0	0
0	28	0	+	1	21	21	G	G	-	-	3	0	8463	3	0	0	549	0	0	0	39	0	0	0	0	0	0	0	0	0	0	0	0	0	0	0	0	0
0	28	0	+	1	22	22	A	A	-	-	8469	1	0	0	550	0	0	0	39	0	0	0	0	0	0	0	0	0	0	0	0	0	0	0	0	0	0	0
0	28	0	+	1	23	23	A	A	-	-	8468	1	1	0	550	0	0	0	39	0	0	0	0	0	0	0	0	0	0	0	0	0	0	0	0	0	0	0
0	28	0	+	1	24	24	C	C	-	-	0	8468	0	2	0	550	0	0	0	39	0	0	0	0	0	0	0	0	0	0	0	0	0	0	0	0	0	0
0	28	0	+	1	25	25	A	A	-	-	8469	0	0	1	550	0	0	0	39	0	0	0	0	0	0	0	0	0	0	0	0	0	0	0	0	0	0	0
0	28	0	+	1	26	26	C	C	-	-	0	8469	0	0	0	549	0	0	0	39	0	0	0	0	0	0	0	0	0	0	0	0	0	0	0	0	0	0
0	28	0	+	1	27	27	A	A	-	-	8468	0	2	0	550	0	0	0	39	0	0	0	0	0	0	0	0	0	0	0	0	0	0	0	0	0	0	0
0	28	0	+	1	28	28	A	A	-	-	8470	0	0	0	550	0	0	0	39	0	0	0	0	0	0	0	0	0	0	0	0	0	0	0	0	0	0	0
0	28	0	+	1	29	29	C	C	-	-	1	8460	0	7	0	548	0	0	0	39	0	0	0	0	0	0	0	0	0	0	0	0	0	0	0	0	0	0
2	28	0	+	1	30	30	G	G	A	A	9	0	8455	6	1	0	549	0	0	0	39	0	0	0	0	0	0	0	0	0	0	0	0	0	0	0	0	0
0	28	0	+	1	31	31	G	G	-	-	1	1	8467	1	0	0	550	0	0	0	39	0	0	0	0	0	0	0	0	0	0	0	0	0	0	0	0	0
0	28	0	+	1	32	32	A	A	-	-	8466	1	0	2	549	0	0	0	39	0	0	0	0	0	0	0	0	0	0	0	0	0	0	0	0	0	0	0
0	28	0	+	1	33	33	C	C	-	-	1	8469	0	0	0	550	0	0	0	39	0	0	0	0	0	0	0	0	0	0	0	0	0	0	0	0	0	0
0	28	0	+	1	34	34	A	A	-	-	8469	0	0	0	549	0	0	0	39	0	0	0	0	0	0	0	0	0	0	0	0	0	0	0	0	0	0	0
0	28	0	+	1	35	35	T	T	-	-	0	1	0	8469	0	0	0	550	0	0	0	39	0	0	0	0	0	0	0	0	0	0	0	0	0	0	0	0
0	28	0	+	1	36	36	T	T	-	-	0	2	0	8467	0	0	0	549	0	0	0	39	0	0	0	0	0	0	0	0	0	0	0	0	0	0	0	0
0	28	0	+	2	0	36	A	T	-	-	8465	0	2	1	548	0	0	0	38	0	0	0	0	0	0	0	0	0	0	0	0	0	0	0	0	0	0	0
0	28	0	+	2	1	35	A	T	-	-	8467	2	0	1	550	0	0	0	39	0	0	0	0	0	0	0	0	0	0	0	0	0	0	0	0	0	0	0
0	28	0	+	2	2	34	T	A	-	-	0	0	0	8468	0	0	0	548	0	0	0	39	0	0	0	0	0	0	0	0	0	0	0	0	0	0	0	0
0	28	0	+	2	3	33	G	C	-	-	1	0	8469	0	0	0	550	0	0	0	39	0	0	0	0	0	0	0	0	0	0	0	0	0	0	0	0	0
0	28	0	+	2	4	32	T	A	-	-	6	2	2	8457	0	0	0	547	0	0	0	38	0	0	0	0	0	0	0	0	0	0	0	0	0	0	0	0
0	28	0	+	2	5	31	C	G	-	-	2	8465	1	2	0	550	0	0	0	39	0	0	0	0	0	0	0	0	0	0	0	0	0	0	0	0	0	0
2	28	0	+	2	6	30	C	G	T	A	6	8455	0	9	0	549	0	1	0	39	0	0	0	0	0	0	0	0	0	0	0	0	0	0	0	0	0	0
0	28	0	+	2	7	29	G	C	-	-	7	0	8460	2	0	0	549	0	0	0	39	0	0	0	0	0	0	0	0	0	0	0	0	0	0	0	0	0
0	28	0	+	2	8	28	T	A	-	-	3	0	1	8465	0	0	0	549	0	0	0	39	0	0	0	0	0	0	0	0	0	0	0	0	0	0	0	0
0	28	0	+	2	9	27	T	A	-	-	0	1	0	8469	0	0	0	550	0	0	0	39	0	0	0	0	0	0	0	0	0	0	0	0	0	0	0	0
0	28	0	+	2	10	26	G	C	-	-	0	0	8468	1	0	0	549	0	0	0	39	0	0	0	0	0	0	0	0	0	0	0	0	0	0	0	0	0
0	28	0	+	2	11	25	T	A	-	-	7	2	0	8460	0	0	0	549	0	0	0	39	0	0	0	0	0	0	0	0	0	0	0	0	0	0	0	0
0	28	0	+	2	12	24	G	C	-	-	0	0	8468	2	0	0	550	0	0	0	39	0	0	0	0	0	0	0	0	0	0	0	0	0	0	0	0	0
0	28	0	+	2	13	23	T	A	-	-	0	1	4	8464	0	0	0	549	0	0	0	39	0	0	0	0	0	0	0	0	0	0	0	0	0	0	0	0
0	28	0	+	2	14	22	T	A	-	-	0	0	0	8470	0	0	0	550	0	0	0	39	0	0	0	0	0	0	0	0	0	0	0	0	0	0	0	0
0	28	0	+	2	15	21	C	G	-	-	4	8458	1	5	0	548	0	0	0	39	0	0	0	0	0	0	0	0	0	0	0	0	0	0	0	0	0	0
0	28	0	+	2	16	20	A	T	-	-	8462	2	2	2	548	0	0	0	39	0	0	0	0	0	0	0	0	0	0	0	0	0	0	0	0	0	0	0
0	28	0	+	2	17	19	C	G	-	-	1	8468	0	1	0	550	0	0	0	39	0	0	0	0	0	0	0	0	0	0	0	0	0	0	0	0	0	0
0	28	0	+	2	18	18	T	A	-	-	0	0	0	8470	0	0	0	550	0	0	0	39	0	0	0	0	0	0	0	0	0	0	0	0	0	0	0	0
0	28	0	+	2	19	17	T	A	-	-	1	0	0	8469	0	0	0	550	0	0	0	39	0	0	0	0	0	0	0	0	0	0	0	0	0	0	0	0
0	28	0	+	2	20	16	A	T	-	-	8470	0	0	0	550	0	0	0	39	0	0	0	0	0	0	0	0	0	0	0	0	0	0	0	0	0	0	0
0	28	0	+	2	21	15	T	A	-	-	0	2	0	8467	0	0	0	549	0	0	0	38	0	0	0	0	0	0	0	0	0	0	0	0	0	0	0	0
0	28	0	+	2	22	14	C	G	-	-	3	8464	0	3	0	550	0	0	0	39	0	0	0	0	0	0	0	0	0	0	0	0	0	0	0	0	0	0
0	28	0	+	2	23	13	T	A	-	-	0	2	0	8468	0	0	0	550	0	0	0	39	0	0	0	0	0	0	0	0	0	0	0	0	0	0	0	0
0	28	0	+	2	24	12	C	G	-	-	1	8469	0	0	0	550	0	0	0	39	0	0	0	0	0	0	0	0	0	0	0	0	0	0	0	0	0	0
0	28	0	+	2	25	11	T	A	-	-	0	0	0	8470	0	0	0	550	0	0	0	39	0	0	0	0	0	0	0	0	0	0	0	0	0	0	0	0
0	28	0	+	2	26	10	C	G	-	-	3	8466	0	0	0	549	0	0	0	39	0	0	0	0	0	0	0	0	0	0	0	0	0	0	0	0	0	0
0	28	0	+	2	27	9	T	A	-	-	1	1	0	8468	0	0	0	550	0	0	0	39	0	0	0	0	0	0	0	0	0	0	0	0	0	0	0	0
0	28	0	+	2	28	8	T	A	-	-	0	0	0	8470	0	0	0	550	0	0	0	39	0	0	0	0	0	0	0	0	0	0	0	0	0	0	0	0
0	28	0	+	2	29	7	T	A	-	-	0	0	0	8470	0	0	0	550	0	0	0	39	0	0	0	0	0	0	0	0	0	0	0	0	0	0	0	0
0	28	0	+	2	30	6	C	G	-	-	4	8465	0	1	0	550	0	0	0	39	0	0	0	0	0	0	0	0	0	0	0	0	0	0	0	0	0	0
0	28	0	+	2	31	5	T	A	-	-	0	0	2	8468	0	0	0	550	0	0	0	39	0	0	0	0	0	0	0	0	0	0	0	0	0	0	0	0
0	28	0	+	2	32	4	G	C	-	-	0	1	8469	0	0	0	550	0	0	0	39	0	0	0	0	0	0	0	0	0	0	0	0	0	0	0	0	0
0	28	0	+	2	33	3	G	C	-	-	1	0	8467	1	0	0	549	0	0	0	39	0	0	0	0	0	0	0	0	0	0	0	0	0	0	0	0	0
0	28	0	+	2	34	2	T	A	-	-	2	3	2	8459	0	0	0	546	0	0	0	37	0	0	0	0	0	0	0	0	0	0	0	0	0	0	0	0
0	28	0	+	2	35	1	C	G	-	-	1	8467	0	2	0	550	0	0	0	39	0	0	0	0	0	0	0	0	0	0	0	0	0	0	0	0	0	0
0	28	0	+	2	36	0	C	G	-	-	1	8466	1	1	0	549	0	0	0	39	0	0	0	0	0	0	0	0	0	0	0	0	0	0	0	0	0	0
