target_base	locus_index	reference_index	target_strand	read_index	read_pos	template_pos	expected_read_base	expected_template_base	variant_read_base	variant_template_base	A1	C1	G1	T1	A2	C2	G2	T2	A3	C3	G3	T3	A5	C5	G5	T5	A10	C10	G10	T10	A15	C15	G15	T15	A20	C20	G20	T20
0	18	0	+	1	0	0	G	G	-	-	0	0	2221	0	0	0	158	0	0	0	6	0	0	0	0	0	0	0	0	0	0	0	0	0	0	0	0	0
0	18	0	+	1	1	1	C	C	-	-	1	2220	0	0	0	158	0	0	0	6	0	0	0	0	0	0	0	0	0	0	0	0	0	0	0	0	0	0
0	18	0	+	1	2	2	A	A	-	-	2221	0	0	0	158	0	0	0	6	0	0	0	0	0	0	0	0	0	0	0	0	0	0	0	0	0	0	0
0	18	0	+	1	3	3	G	G	-	-	0	0	2221	0	0	0	158	0	0	0	6	0	0	0	0	0	0	0	0	0	0	0	0	0	0	0	0	0
0	18	0	+	1	4	4	T	T	-	-	1	6	0	2214	0	0	0	158	0	0	0	6	0	0	0	0	0	0	0	0	0	0	0	0	0	0	0	0
0	18	0	+	1	5	5	G	G	-	-	0	0	2221	0	0	0	158	0	0	0	6	0	0	0	0	0	0	0	0	0	0	0	0	0	0	0	0	0
0	18	0	+	1	6	6	G	G	-	-	0	1	2220	0	0	0	158	0	0	0	6	0	0	0	0	0	0	0	0	0	0	0	0	0	0	0	0	0
0	18	0	+	1	7	7	G	G	-	-	8	7	1923	249	0	0	122	2	0	0	5	0	0	0	0	0	0	0	0	0	0	0	0	0	0	0	0	0
0	18	0	+	1	8	8	G	G	-	-	0	0	2221	0	0	0	158	0	0	0	6	0	0	0	0	0	0	0	0	0	0	0	0	0	0	0	0	0
0	18	0	+	1	9	9	C	C	-	-	0	2220	0	1	0	158	0	0	0	6	0	0	0	0	0	0	0	0	0	0	0	0	0	0	0	0	0	0
0	18	0	+	1	10	10	T	T	-	-	0	0	0	2221	0	0	0	158	0	0	0	6	0	0	0	0	0	0	0	0	0	0	0	0	0	0	0	0
0	18	0	+	1	11	11	C	C	-	-	0	2221	0	0	0	158	0	0	0	6	0	0	0	0	0	0	0	0	0	0	0	0	0	0	0	0	0	0
0	18	0	+	1	12	12	C	C	-	-	0	2220	0	0	0	157	0	0	0	6	0	0	0	0	0	0	0	0	0	0	0	0	0	0	0	0	0	0
0	18	0	+	1	13	13	A	A	-	-	2220	0	1	0	158	0	0	0	6	0	0	0	0	0	0	0	0	0	0	0	0	0	0	0	0	0	0	0
0	18	0	+	1	14	14	G	G	-	-	0	1	2219	1	0	0	158	0	0	0	6	0	0	0	0	0	0	0	0	0	0	0	0	0	0	0	0	0
0	18	0	+	1	15	15	C	C	-	-	1	2217	0	3	0	158	0	0	0	6	0	0	0	0	0	0	0	0	0	0	0	0	0	0	0	0	0	0
0	18	0	+	1	16	16	G	G	-	-	1	0	2220	0	0	0	158	0	0	0	6	0	0	0	0	0	0	0	0	0	0	0	0	0	0	0	0	0
0	18	0	+	1	17	17	C	C	-	-	0	2221	0	0	0	158	0	0	0	6	0	0	0	0	0	0	0	0	0	0	0	0	0	0	0	0	0	0
0	18	0	+	1	18	18	C	C	-	-	1	2219	0	1	0	158	0	0	0	6	0	0	0	0	0	0	0	0	0	0	0	0	0	0	0	0	0	0
0	18	0	+	1	19	19	T	T	-	-	0	0	0	2221	0	0	0	158	0	0	0	6	0	0	0	0	0	0	0	0	0	0	0	0	0	0	0	0
0	18	0	+	1	20	20	A	A	-	-	2220	0	0	1	158	0	0	0	6	0	0	0	0	0	0	0	0	0	0	0	0	0	0	0	0	0	0	0
2	18	0	+	1	21	21	C	C	T	T	2	2207	0	12	0	157	0	1	0	6	0	0	0	0	0	0	0	0	0	0	0	0	0	0	0	0	0	0
0	18	0	+	1	22	22	C	C	-	-	4	2217	0	0	0	158	0	0	0	6	0	0	0	0	0	0	0	0	0	0	0	0	0	0	0	0	0	0
0	18	0	+	1	23	23	C	C	-	-	2	2218	1	0	0	158	0	0	0	6	0	0	0	0	0	0	0	0	0	0	0	0	0	0	0	0	0	0
0	18	0	+	1	24	24	A	A	-	-	2220	0	0	0	157	0	0	0	6	0	0	0	0	0	0	0	0	0	0	0	0	0	0	0	0	0	0	0
0	18	0	+	1	25	25	C	C	-	-	1	2220	0	0	0	158	0	0	0	6	0	0	0	0	0	0	0	0	0	0	0	0	0	0	0	0	0	0
0	18	0	+	1	26	26	T	T	-	-	0	1	0	2219	0	0	0	157	0	0	0	6	0	0	0	0	0	0	0	0	0	0	0	0	0	0	0	0
0	18	0	+	1	27	27	G	G	-	-	1	0	2220	0	0	0	158	0	0	0	6	0	0	0	0	0	0	0	0	0	0	0	0	0	0	0	0	0
0	18	0	+	1	28	28	A	A	-	-	2221	0	0	0	158	0	0	0	6	0	0	0	0	0	0	0	0	0	0	0	0	0	0	0	0	0	0	0
0	18	0	+	1	29	29	A	A	-	-	2221	0	0	0	158	0	0	0	6	0	0	0	0	0	0	0	0	0	0	0	0	0	0	0	0	0	0	0
0	18	0	+	1	30	30	T	T	-	-	0	0	0	2221	0	0	0	158	0	0	0	6	0	0	0	0	0	0	0	0	0	0	0	0	0	0	0	0
0	18	0	+	1	31	31	A	A	-	-	2221	0	0	0	158	0	0	0	6	0	0	0	0	0	0	0	0	0	0	0	0	0	0	0	0	0	0	0
0	18	0	+	1	32	32	C	C	-	-	0	2221	0	0	0	158	0	0	0	6	0	0	0	0	0	0	0	0	0	0	0	0	0	0	0	0	0	0
0	18	0	+	1	33	33	T	T	-	-	0	1	0	2220	0	0	0	158	0	0	0	6	0	0	0	0	0	0	0	0	0	0	0	0	0	0	0	0
0	18	0	+	1	34	34	C	C	-	-	0	2219	0	2	0	158	0	0	0	6	0	0	0	0	0	0	0	0	0	0	0	0	0	0	0	0	0	0
0	18	0	+	1	35	35	G	G	-	-	0	0	2220	1	0	0	158	0	0	0	6	0	0	0	0	0	0	0	0	0	0	0	0	0	0	0	0	0
0	18	0	+	1	36	36	A	A	-	-	2221	0	0	0	158	0	0	0	6	0	0	0	0	0	0	0	0	0	0	0	0	0	0	0	0	0	0	0
0	18	0	+	1	37	37	T	T	-	-	0	0	1	2220	0	0	0	158	0	0	0	6	0	0	0	0	0	0	0	0	0	0	0	0	0	0	0	0
0	18	0	+	1	38	38	C	C	-	-	0	2221	0	0	0	158	0	0	0	6	0	0	0	0	0	0	0	0	0	0	0	0	0	0	0	0	0	0
0	18	0	+	1	39	39	A	A	-	-	2220	0	0	0	157	0	0	0	6	0	0	0	0	0	0	0	0	0	0	0	0	0	0	0	0	0	0	0
0	18	0	+	1	40	40	T	T	-	-	0	0	0	2221	0	0	0	158	0	0	0	6	0	0	0	0	0	0	0	0	0	0	0	0	0	0	0	0
0	18	0	+	1	41	41	T	T	-	-	0	1	0	2220	0	0	0	158	0	0	0	6	0	0	0	0	0	0	0	0	0	0	0	0	0	0	0	0
0	18	0	+	2	0	41	A	T	-	-	2219	1	1	0	158	0	0	0	6	0	0	0	0	0	0	0	0	0	0	0	0	0	0	0	0	0	0	0
0	18	0	+	2	1	40	A	T	-	-	2220	1	0	0	158	0	0	0	6	0	0	0	0	0	0	0	0	0	0	0	0	0	0	0	0	0	0	0
0	18	0	+	2	2	39	T	A	-	-	6	1	0	2212	0	0	0	156	0	0	0	6	0	0	0	0	0	0	0	0	0	0	0	0	0	0	0	0
0	18	0	+	2	3	38	G	C	-	-	0	0	2221	0	0	0	158	0	0	0	6	0	0	0	0	0	0	0	0	0	0	0	0	0	0	0	0	0
0	18	0	+	2	4	37	A	T	-	-	2221	0	0	0	158	0	0	0	6	0	0	0	0	0	0	0	0	0	0	0	0	0	0	0	0	0	0	0
0	18	0	+	2	5	36	T	A	-	-	0	0	0	2221	0	0	0	158	0	0	0	6	0	0	0	0	0	0	0	0	0	0	0	0	0	0	0	0
0	18	0	+	2	6	35	C	G	-	-	1	2220	0	0	0	158	0	0	0	6	0	0	0	0	0	0	0	0	0	0	0	0	0	0	0	0	0	0
0	18	0	+	2	7	34	G	C	-	-	2	0	2219	0	0	0	158	0	0	0	6	0	0	0	0	0	0	0	0	0	0	0	0	0	0	0	0	0
0	18	0	+	2	8	33	A	T	-	-	2220	0	1	0	158	0	0	0	6	0	0	0	0	0	0	0	0	0	0	0	0	0	0	0	0	0	0	0
0	18	0	+	2	9	32	G	C	-	-	0	0	2221	0	0	0	158	0	0	0	6	0	0	0	0	0	0	0	0	0	0	0	0	0	0	0	0	0
0	18	0	+	2	10	31	T	A	-	-	1	0	2	2217	0	0	0	157	0	0	0	5	0	0	0	0	0	0	0	0	0	0	0	0	0	0	0	0
0	18	0	+	2	11	30	A	T	-	-	2221	0	0	0	158	0	0	0	6	0	0	0	0	0	0	0	0	0	0	0	0	0	0	0	0	0	0	0
0	18	0	+	2	12	29	T	A	-	-	0	0	1	2220	0	0	0	158	0	0	0	6	0	0	0	0	0	0	0	0	0	0	0	0	0	0	0	0
0	18	0	+	2	13	28	T	A	-	-	0	0	0	2221	0	0	0	158	0	0	0	6	0	0	0	0	0	0	0	0	0	0	0	0	0	0	0	0
0	18	0	+	2	14	27	C	G	-	-	0	2220	0	1	0	158	0	0	0	6	0	0	0	0	0	0	0	0	0	0	0	0	0	0	0	0	0	0
0	18	0	+	2	15	26	A	T	-	-	2219	0	1	0	157	0	0	0	6	0	0	0	0	0	0	0	0	0	0	0	0	0	0	0	0	0	0	0
0	18	0	+	2	16	25	G	C	-	-	0	0	2220	1	0	0	158	0	0	0	6	0	0	0	0	0	0	0	0	0	0	0	0	0	0	0	0	0
0	18	0	+	2	17	24	T	A	-	-	1	1	2	2216	0	0	0	157	0	0	0	6	0	0	0	0	0	0	0	0	0	0	0	0	0	0	0	0
0	18	0	+	2	18	23	G	C	-	-	1	0	2218	2	0	0	158	0	0	0	6	0	0	0	0	0	0	0	0	0	0	0	0	0	0	0	0	0
0	18	0	+	2	19	22	G	C	-	-	0	0	2219	2	0	0	158	0	0	0	6	0	0	0	0	0	0	0	0	0	0	0	0	0	0	0	0	0
2	18	0	+	2	20	21	G	C	A	T	12	0	2208	1	1	0	157	0	0	0	6	0	0	0	0	0	0	0	0	0	0	0	0	0	0	0	0	0
0	18	0	+	2	21	20	T	A	-	-	2	0	1	2217	0	0	0	157	0	0	0	6	0	0	0	0	0	0	0	0	0	0	0	0	0	0	0	0
0	18	0	+	2	22	19	A	T	-	-	2220	0	1	0	158	0	0	0	6	0	0	0	0	0	0	0	0	0	0	0	0	0	0	0	0	0	0	0
0	18	0	+	2	23	18	G	C	-	-	1	0	2220	0	0	0	158	0	0	0	6	0	0	0	0	0	0	0	0	0	0	0	0	0	0	0	0	0
0	18	0	+	2	24	17	G	C	-	-	0	0	2221	0	0	0	158	0	0	0	6	0	0	0	0	0	0	0	0	0	0	0	0	0	0	0	0	0
0	18	0	+	2	25	16	C	G	-	-	1	2219	0	1	0	158	0	0	0	6	0	0	0	0	0	0	0	0	0	0	0	0	0	0	0	0	0	0
0	18	0	+	2	26	15	G	C	-	-	3	0	2217	1	0	0	158	0	0	0	6	0	0	0	0	0	0	0	0	0	0	0	0	0	0	0	0	0
0	18	0	+	2	27	14	C	G	-	-	0	2220	1	0	0	158	0	0	0	6	0	0	0	0	0	0	0	0	0	0	0	0	0	0	0	0	0	0
0	18	0	+	2	28	13	T	A	-	-	1	1	0	2219	0	0	0	158	0	0	0	6	0	0	0	0	0	0	0	0	0	0	0	0	0	0	0	0
0	18	0	+	2	29	12	G	C	-	-	0	0	2220	0	0	0	157	0	0	0	6	0	0	0	0	0	0	0	0	0	0	0	0	0	0	0	0	0
0	18	0	+	2	30	11	G	C	-	-	0	0	2221	0	0	0	158	0	0	0	6	0	0	0	0	0	0	0	0	0	0	0	0	0	0	0	0	0
0	18	0	+	2	31	10	A	T	-	-	2221	0	0	0	158	0	0	0	6	0	0	0	0	0	0	0	0	0	0	0	0	0	0	0	0	0	0	0
0	18	0	+	2	32	9	G	C	-	-	1	0	2218	2	0	0	158	0	0	0	6	0	0	0	0	0	0	0	0	0	0	0	0	0	0	0	0	0
0	18	0	+	2	33	8	C	G	-	-	0	2221	0	0	0	158	0	0	0	6	0	0	0	0	0	0	0	0	0	0	0	0	0	0	0	0	0	0
0	18	0	+	2	34	7	C	G	-	-	0	2221	0	0	0	158	0	0	0	6	0	0	0	0	0	0	0	0	0	0	0	0	0	0	0	0	0	0
0	18	0	+	2	35	6	C	G	-	-	0	2221	0	0	0	158	0	0	0	6	0	0	0	0	0	0	0	0	0	0	0	0	0	0	0	0	0	0
0	18	0	+	2	36	5	C	G	-	-	0	2221	0	0	0	158	0	0	0	6	0	0	0	0	0	0	0	0	0	0	0	0	0	0	0	0	0	0
0	18	0	+	2	37	4	A	T	-	-	2221	0	0	0	158	0	0	0	6	0	0	0	0	0	0	0	0	0	0	0	0	0	0	0	0	0	0	0
0	18	0	+	2	38	3	C	G	-	-	0	2221	0	0	0	158	0	0	0	6	0	0	0	0	0	0	0	0	0	0	0	0	0	0	0	0	0	0
0	18	0	+	2	39	2	T	A	-	-	0	1	0	2220	0	0	0	158	0	0	0	6	0	0	0	0	0	0	0	0	0	0	0	0	0	0	0	0
0	18	0	+	2	40	1	G	C	-	-	0	0	2220	1	0	0	158	0	0	0	6	0	0	0	0	0	0	0	0	0	0	0	0	0	0	0	0	0
0	18	0	+	2	41	0	C	G	-	-	0	2220	0	1	0	158	0	0	0	6	0	0	0	0	0	0	0	0	0	0	0	0	0	0	0	0	0	0
