target_base	locus_index	reference_index	target_strand	read_index	read_pos	template_pos	expected_read_base	expected_template_base	variant_read_base	variant_template_base	A1	C1	G1	T1	A2	C2	G2	T2	A3	C3	G3	T3	A5	C5	G5	T5	A10	C10	G10	T10	A15	C15	G15	T15	A20	C20	G20	T20
2	0	0	+	1	35	35	T	T	C	C	0	7	0	5013	0	0	0	426	0	0	0	32	0	0	0	0	0	0	0	0	0	0	0	0	0	0	0	0
2	0	0	+	2	23	35	A	T	G	C	5012	1	7	0	426	0	0	0	32	0	0	0	0	0	0	0	0	0	0	0	0	0	0	0	0	0	0	0
2	1	0	+	1	28	28	C	C	A	A	17	14312	0	0	2	1501	0	0	0	122	0	0	0	1	0	0	0	0	0	0	0	0	0	0	0	0	0	0
2	1	0	+	2	17	28	G	C	T	A	1	0	14304	23	0	0	1500	2	0	0	122	0	0	0	1	0	0	0	0	0	0	0	0	0	0	0	0	0
2	2	0	-	1	2	2	C	C	T	T	2	2710	0	4	0	74	0	0	0	3	0	0	0	0	0	0	0	0	0	0	0	0	0	0	0	0	0	0
2	2	0	-	2	39	2	G	C	A	T	3	0	2712	1	0	0	74	0	0	0	3	0	0	0	0	0	0	0	0	0	0	0	0	0	0	0	0	0
2	3	0	+	1	22	22	G	G	C	C	1	5	5275	2	0	0	345	0	0	0	13	0	0	0	0	0	0	0	0	0	0	0	0	0	0	0	0	0
2	3	0	+	2	23	22	C	G	G	C	2	5275	5	1	0	345	0	0	0	13	0	0	0	0	0	0	0	0	0	0	0	0	0	0	0	0	0	0
2	4	0	+	1	0	0	C	C	G	G	0	4	0	0	0	2	0	0	0	0	0	0	0	0	0	0	0	0	0	0	0	0	0	0	0	0	0	0
2	4	0	+	2	41	0	G	C	C	G	0	0	4	0	0	0	2	0	0	0	0	0	0	0	0	0	0	0	0	0	0	0	0	0	0	0	0	0
2	5	0	-	1	20	20	C	C	T	T	3	7996	0	10	0	825	0	2	0	72	0	0	0	1	0	0	0	0	0	0	0	0	0	0	0	0	0	0
2	5	0	-	2	33	20	G	C	A	T	10	0	7997	2	2	0	825	0	0	0	72	0	0	0	1	0	0	0	0	0	0	0	0	0	0	0	0	0
2	6	0	+	1	4	4	G	G	T	T	0	1	12887	7	0	0	1158	0	0	0	84	0	0	0	0	0	0	0	0	0	0	0	0	0	0	0	0	0
2	6	0	+	2	37	4	C	G	A	T	8	12885	1	0	0	1157	0	0	0	84	0	0	0	0	0	0	0	0	0	0	0	0	0	0	0	0	0	0
2	7	0	-	1	12	12	C	C	T	T	1	935	0	1	0	13	0	0	0	0	0	0	0	0	0	0	0	0	0	0	0	0	0	0	0	0	0	0
2	7	0	-	2	32	12	G	C	A	T	1	0	935	1	0	0	13	0	0	0	0	0	0	0	0	0	0	0	0	0	0	0	0	0	0	0	0	0
2	8	0	+	1	0	0	T	T	A	A	0	0	0	920	0	0	0	15	0	0	0	1	0	0	0	0	0	0	0	0	0	0	0	0	0	0	0	0
2	8	0	+	2	43	0	A	T	T	A	921	0	0	0	16	0	0	0	1	0	0	0	0	0	0	0	0	0	0	0	0	0	0	0	0	0	0	0
2	9	0	-	1	7	7	T	T	A	A	11	0	0	7251	1	0	0	429	0	0	0	26	0	0	0	1	0	0	0	0	0	0	0	0	0	0	0	0
2	9	0	-	2	28	7	A	T	T	A	7247	0	2	11	427	0	0	1	26	0	0	0	1	0	0	0	0	0	0	0	0	0	0	0	0	0	0	0
2	10	0	+	1	11	11	C	C	T	T	0	5514	0	6	0	264	0	0	0	13	0	0	0	0	0	0	0	0	0	0	0	0	0	0	0	0	0	0
2	10	0	+	2	17	11	G	C	A	T	6	1	5512	1	0	0	264	0	0	0	13	0	0	0	0	0	0	0	0	0	0	0	0	0	0	0	0	0
2	11	0	+	1	20	20	C	C	G	G	1	5139	4	0	0	379	0	0	0	27	0	0	0	0	0	0	0	0	0	0	0	0	0	0	0	0	0	0
2	11	0	+	2	21	20	G	C	C	G	0	4	5139	1	0	0	379	0	0	0	27	0	0	0	0	0	0	0	0	0	0	0	0	0	0	0	0	0
2	12	0	-	1	23	23	C	C	A	A	1	1046	0	0	0	32	0	0	0	0	0	0	0	0	0	0	0	0	0	0	0	0	0	0	0	0	0	0
2	12	0	-	2	16	23	G	C	T	A	0	0	1046	1	0	0	32	0	0	0	0	0	0	0	0	0	0	0	0	0	0	0	0	0	0	0	0	0
2	13	0	+	1	9	9	A	A	T	T	11816	1	1	14	951	0	0	2	51	0	0	1	0	0	0	0	0	0	0	0	0	0	0	0	0	0	0	0
2	13	0	+	2	35	9	T	A	A	T	34	8	3	11784	2	0	0	948	1	0	0	51	0	0	0	0	0	0	0	0	0	0	0	0	0	0	0	0
2	14	0	-	1	1	1	T	T	G	G	1	1	4	13139	0	0	0	1139	0	0	0	81	0	0	0	0	0	0	0	0	0	0	0	0	0	0	0	0
2	14	0	-	2	37	1	A	T	C	G	13141	3	1	1	1140	0	0	0	82	0	0	0	0	0	0	0	0	0	0	0	0	0	0	0	0	0	0	0
2	15	0	-	1	24	24	G	G	C	C	0	22	10857	4	0	4	874	0	0	0	65	0	0	0	0	0	0	0	0	0	0	0	0	0	0	0	0	0
2	15	0	-	2	26	24	C	G	G	C	3	10856	22	1	0	873	4	0	0	65	0	0	0	0	0	0	0	0	0	0	0	0	0	0	0	0	0	0
2	16	0	+	1	34	34	G	G	A	A	38	0	13212	6	4	0	1186	0	0	0	92	0	0	0	1	0	0	0	0	0	0	0	0	0	0	0	0	0
2	16	0	+	2	4	34	C	G	T	A	0	13228	0	33	0	1191	0	4	0	92	0	0	0	1	0	0	0	0	0	0	0	0	0	0	0	0	0	0
2	17	0	-	1	15	15	C	C	A	A	16	13546	0	2	0	1339	0	0	0	119	0	0	0	0	0	0	0	0	0	0	0	0	0	0	0	0	0	0
2	17	0	-	2	35	15	G	C	T	A	2	0	13547	15	0	0	1339	0	0	0	119	0	0	0	0	0	0	0	0	0	0	0	0	0	0	0	0	0
2	18	0	+	1	21	21	C	C	T	T	2	2207	0	12	0	157	0	1	0	6	0	0	0	0	0	0	0	0	0	0	0	0	0	0	0	0	0	0
2	18	0	+	2	20	21	G	C	A	T	12	0	2208	1	1	0	157	0	0	0	6	0	0	0	0	0	0	0	0	0	0	0	0	0	0	0	0	0
2	19	0	+	1	21	21	C	C	G	G	2	5590	5	2	0	294	1	0	0	14	0	0	0	0	0	0	0	0	0	0	0	0	0	0	0	0	0	0
2	19	0	+	2	26	21	G	C	C	G	3	5	5589	2	0	1	294	0	0	0	14	0	0	0	0	0	0	0	0	0	0	0	0	0	0	0	0	0
2	20	0	+	1	13	13	C	C	G	G	0	3207	3	1	0	152	0	0	0	3	0	0	0	0	0	0	0	0	0	0	0	0	0	0	0	0	0	0
2	20	0	+	2	21	13	G	C	C	G	0	3	3205	2	0	0	151	0	0	0	3	0	0	0	0	0	0	0	0	0	0	0	0	0	0	0	0	0
2	21	0	+	1	1	1	C	C	G	G	1	7314	6	1	0	716	2	0	0	67	0	0	0	0	0	0	0	0	0	0	0	0	0	0	0	0	0	0
2	21	0	+	2	45	1	G	C	C	G	1	7	7311	3	0	2	716	0	0	0	67	0	0	0	0	0	0	0	0	0	0	0	0	0	0	0	0	0
2	22	0	+	1	5	5	C	C	T	T	0	3811	0	11	0	312	0	2	0	13	0	0	0	0	0	0	0	0	0	0	0	0	0	0	0	0	0	0
2	22	0	+	2	32	5	G	C	A	T	11	0	3811	0	2	0	312	0	0	0	13	0	0	0	0	0	0	0	0	0	0	0	0	0	0	0	0	0
2	23	0	-	1	13	13	G	G	A	A	11	0	4544	0	0	0	305	0	0	0	23	0	0	0	0	0	0	0	0	0	0	0	0	0	0	0	0	0
2	23	0	-	2	25	13	C	G	T	A	0	4543	0	12	0	305	0	0	0	23	0	0	0	0	0	0	0	0	0	0	0	0	0	0	0	0	0	0
2	24	0	-	1	1	1	A	A	G	G	4969	0	3	0	370	0	0	0	29	0	0	0	1	0	0	0	0	0	0	0	0	0	0	0	0	0	0	0
2	24	0	-	2	46	1	T	A	C	G	2	3	0	4967	0	0	0	370	0	0	0	29	0	0	0	1	0	0	0	0	0	0	0	0	0	0	0	0
2	25	0	+	1	29	29	A	A	G	G	11041	1	2	0	894	0	0	0	59	0	0	0	0	0	0	0	0	0	0	0	0	0	0	0	0	0	0	0
2	25	0	+	2	8	29	T	A	C	G	1	3	2	11039	0	0	0	895	0	0	0	59	0	0	0	0	0	0	0	0	0	0	0	0	0	0	0	0
2	26	0	+	1	42	42	C	C	T	T	4	7375	1	8	0	386	0	2	0	15	0	0	0	0	0	0	0	0	0	0	0	0	0	0	0	0	0	0
2	26	0	+	2	6	42	G	C	A	T	8	1	7376	3	2	0	386	0	0	0	15	0	0	0	0	0	0	0	0	0	0	0	0	0	0	0	0	0
2	27	0	+	1	18	18	C	C	T	T	1	8553	1	20	0	682	0	0	0	46	0	0	0	2	0	0	0	0	0	0	0	0	0	0	0	0	0	0
2	27	0	+	2	23	18	G	C	A	T	20	1	8553	1	0	0	682	0	0	0	46	0	0	0	2	0	0	0	0	0	0	0	0	0	0	0	0	0
2	28	0	+	1	30	30	G	G	A	A	9	0	8455	6	1	0	549	0	0	0	39	0	0	0	0	0	0	0	0	0	0	0	0	0	0	0	0	0
2	28	0	+	2	6	30	C	G	T	A	6	8455	0	9	0	549	0	1	0	39	0	0	0	0	0	0	0	0	0	0	0	0	0	0	0	0	0	0
2	29	0	+	1	5	5	C	C	A	A	17	12703	0	0	0	1126	0	0	0	90	0	0	0	1	0	0	0	0	0	0	0	0	0	0	0	0	0	0
2	29	0	+	2	32	5	G	C	T	A	0	0	12699	19	0	0	1124	0	0	0	90	0	0	0	1	0	0	0	0	0	0	0	0	0	0	0	0	0
