target_base	locus_index	reference_index	target_strand	read_index	read_pos	template_pos	expected_read_base	expected_template_base	variant_read_base	variant_template_base	A1	C1	G1	T1	A2	C2	G2	T2	A3	C3	G3	T3	A5	C5	G5	T5	A10	C10	G10	T10	A15	C15	G15	T15	A20	C20	G20	T20
0	0	0	+	1	0	0	G	G	-	-	1	0	5017	2	0	0	426	0	0	0	32	0	0	0	0	0	0	0	0	0	0	0	0	0	0	0	0	0
0	0	0	+	1	1	1	G	G	-	-	1	0	5014	2	0	0	423	0	0	0	32	0	0	0	0	0	0	0	0	0	0	0	0	0	0	0	0	0
0	0	0	+	1	2	2	G	G	-	-	1	0	5018	0	0	0	425	0	0	0	32	0	0	0	0	0	0	0	0	0	0	0	0	0	0	0	0	0
0	0	0	+	1	3	3	C	C	-	-	0	5017	0	1	0	424	0	0	0	31	0	0	0	0	0	0	0	0	0	0	0	0	0	0	0	0	0	0
0	0	0	+	1	4	4	C	C	-	-	0	5020	0	0	0	426	0	0	0	32	0	0	0	0	0	0	0	0	0	0	0	0	0	0	0	0	0	0
0	0	0	+	1	5	5	T	T	-	-	0	1	0	5019	0	0	0	426	0	0	0	32	0	0	0	0	0	0	0	0	0	0	0	0	0	0	0	0
0	0	0	+	1	6	6	C	C	-	-	2	5017	0	1	0	426	0	0	0	32	0	0	0	0	0	0	0	0	0	0	0	0	0	0	0	0	0	0
0	0	0	+	1	7	7	C	C	-	-	1	5016	0	3	0	426	0	0	0	32	0	0	0	0	0	0	0	0	0	0	0	0	0	0	0	0	0	0
0	0	0	+	1	8	8	G	G	-	-	0	0	5018	1	0	0	425	0	0	0	31	0	0	0	0	0	0	0	0	0	0	0	0	0	0	0	0	0
0	0	0	+	1	9	9	G	G	-	-	2	0	5018	0	0	0	426	0	0	0	32	0	0	0	0	0	0	0	0	0	0	0	0	0	0	0	0	0
0	0	0	+	1	10	10	T	T	-	-	5	3	8	5003	0	0	0	425	0	0	0	32	0	0	0	0	0	0	0	0	0	0	0	0	0	0	0	0
0	0	0	+	1	11	11	T	T	-	-	0	2	0	5017	0	0	0	425	0	0	0	32	0	0	0	0	0	0	0	0	0	0	0	0	0	0	0	0
0	0	0	+	1	12	12	C	C	-	-	1	5019	0	0	0	426	0	0	0	32	0	0	0	0	0	0	0	0	0	0	0	0	0	0	0	0	0	0
0	0	0	+	1	13	13	A	A	-	-	5019	0	1	0	426	0	0	0	32	0	0	0	0	0	0	0	0	0	0	0	0	0	0	0	0	0	0	0
0	0	0	+	1	14	14	T	T	-	-	0	0	0	5019	0	0	0	425	0	0	0	31	0	0	0	0	0	0	0	0	0	0	0	0	0	0	0	0
0	0	0	+	1	15	15	G	G	-	-	4	0	5015	1	0	0	426	0	0	0	32	0	0	0	0	0	0	0	0	0	0	0	0	0	0	0	0	0
0	0	0	+	1	16	16	C	C	-	-	0	5001	0	17	0	423	0	1	0	32	0	0	0	0	0	0	0	0	0	0	0	0	0	0	0	0	0	0
0	0	0	+	1	17	17	C	C	-	-	1	5013	0	6	0	426	0	0	0	32	0	0	0	0	0	0	0	0	0	0	0	0	0	0	0	0	0	0
0	0	0	+	1	18	18	G	G	-	-	3	0	5015	1	0	0	425	0	0	0	32	0	0	0	0	0	0	0	0	0	0	0	0	0	0	0	0	0
0	0	0	+	1	19	19	C	C	-	-	1	5018	0	1	0	426	0	0	0	32	0	0	0	0	0	0	0	0	0	0	0	0	0	0	0	0	0	0
0	0	0	+	1	20	20	C	C	-	-	2	5017	0	1	0	426	0	0	0	32	0	0	0	0	0	0	0	0	0	0	0	0	0	0	0	0	0	0
0	0	0	+	1	21	21	C	C	-	-	3	5015	0	1	0	425	0	0	0	32	0	0	0	0	0	0	0	0	0	0	0	0	0	0	0	0	0	0
0	0	0	+	1	22	22	A	A	-	-	5015	2	2	0	425	0	0	0	31	0	0	0	0	0	0	0	0	0	0	0	0	0	0	0	0	0	0	0
0	0	0	+	1	23	23	T	T	-	-	0	1	0	5019	0	0	0	426	0	0	0	32	0	0	0	0	0	0	0	0	0	0	0	0	0	0	0	0
0	0	0	+	1	24	24	G	G	-	-	4	0	5013	1	0	0	424	0	0	0	32	0	0	0	0	0	0	0	0	0	0	0	0	0	0	0	0	0
0	0	0	+	1	25	25	C	C	-	-	0	5020	0	0	0	426	0	0	0	32	0	0	0	0	0	0	0	0	0	0	0	0	0	0	0	0	0	0
0	0	0	+	1	26	26	A	A	-	-	5016	0	1	1	424	0	0	0	32	0	0	0	0	0	0	0	0	0	0	0	0	0	0	0	0	0	0	0
0	0	0	+	1	27	27	G	G	-	-	0	0	5016	3	0	0	425	0	0	0	32	0	0	0	0	0	0	0	0	0	0	0	0	0	0	0	0	0
0	0	0	+	1	28	28	G	G	-	-	1	0	5019	0	0	0	426	0	0	0	32	0	0	0	0	0	0	0	0	0	0	0	0	0	0	0	0	0
0	0	0	+	1	29	29	A	A	-	-	5017	1	0	1	425	0	0	0	32	0	0	0	0	0	0	0	0	0	0	0	0	0	0	0	0	0	0	0
0	0	0	+	1	30	30	A	A	-	-	5020	0	0	0	426	0	0	0	32	0	0	0	0	0	0	0	0	0	0	0	0	0	0	0	0	0	0	0
0	0	0	+	1	31	31	C	C	-	-	0	5020	0	0	0	426	0	0	0	32	0	0	0	0	0	0	0	0	0	0	0	0	0	0	0	0	0	0
0	0	0	+	1	32	32	T	T	-	-	1	1	0	5018	0	0	0	426	0	0	0	32	0	0	0	0	0	0	0	0	0	0	0	0	0	0	0	0
0	0	0	+	1	33	33	G	G	-	-	2	0	5015	1	0	0	424	0	0	0	32	0	0	0	0	0	0	0	0	0	0	0	0	0	0	0	0	0
0	0	0	+	1	34	34	T	T	-	-	1	0	1	5017	0	0	0	425	0	0	0	32	0	0	0	0	0	0	0	0	0	0	0	0	0	0	0	0
2	0	0	+	1	35	35	T	T	C	C	0	7	0	5013	0	0	0	426	0	0	0	32	0	0	0	0	0	0	0	0	0	0	0	0	0	0	0	0
0	0	0	+	1	36	36	A	A	-	-	5019	0	1	0	426	0	0	0	32	0	0	0	0	0	0	0	0	0	0	0	0	0	0	0	0	0	0	0
0	0	0	+	1	37	37	C	C	-	-	0	5019	0	1	0	426	0	0	0	32	0	0	0	0	0	0	0	0	0	0	0	0	0	0	0	0	0	0
0	0	0	+	1	38	38	A	A	-	-	5020	0	0	0	426	0	0	0	32	0	0	0	0	0	0	0	0	0	0	0	0	0	0	0	0	0	0	0
0	0	0	+	1	39	39	C	C	-	-	0	5019	0	1	0	425	0	1	0	32	0	0	0	0	0	0	0	0	0	0	0	0	0	0	0	0	0	0
0	0	0	+	1	40	40	A	A	-	-	5020	0	0	0	426	0	0	0	32	0	0	0	0	0	0	0	0	0	0	0	0	0	0	0	0	0	0	0
0	0	0	+	1	41	41	T	T	-	-	1	0	0	5019	0	0	0	426	0	0	0	32	0	0	0	0	0	0	0	0	0	0	0	0	0	0	0	0
0	0	0	+	1	42	42	G	G	-	-	0	0	5020	0	0	0	426	0	0	0	32	0	0	0	0	0	0	0	0	0	0	0	0	0	0	0	0	0
0	0	0	+	1	43	43	T	T	-	-	0	1	2	5017	0	0	0	426	0	0	0	32	0	0	0	0	0	0	0	0	0	0	0	0	0	0	0	0
0	0	0	+	1	44	44	A	A	-	-	5019	0	0	1	426	0	0	0	32	0	0	0	0	0	0	0	0	0	0	0	0	0	0	0	0	0	0	0
0	0	0	+	1	45	45	G	G	-	-	0	0	5020	0	0	0	426	0	0	0	32	0	0	0	0	0	0	0	0	0	0	0	0	0	0	0	0	0
0	0	0	+	1	46	46	T	T	-	-	0	1	2	5016	0	0	0	425	0	0	0	32	0	0	0	0	0	0	0	0	0	0	0	0	0	0	0	0
0	0	0	+	1	47	47	T	T	-	-	0	0	0	5020	0	0	0	426	0	0	0	32	0	0	0	0	0	0	0	0	0	0	0	0	0	0	0	0
0	0	0	+	1	48	48	G	G	-	-	0	0	5020	0	0	0	426	0	0	0	32	0	0	0	0	0	0	0	0	0	0	0	0	0	0	0	0	0
0	0	0	+	1	49	49	T	T	-	-	1	2	2	5012	0	0	0	423	0	0	0	32	0	0	0	0	0	0	0	0	0	0	0	0	0	0	0	0
0	0	0	+	1	50	50	A	A	-	-	5018	0	1	0	425	0	0	0	32	0	0	0	0	0	0	0	0	0	0	0	0	0	0	0	0	0	0	0
0	0	0	+	1	51	51	G	G	-	-	0	0	5020	0	0	0	426	0	0	0	32	0	0	0	0	0	0	0	0	0	0	0	0	0	0	0	0	0
0	0	0	+	1	52	52	T	T	-	-	5	5	4	5006	0	0	0	426	0	0	0	32	0	0	0	0	0	0	0	0	0	0	0	0	0	0	0	0
0	0	0	+	1	53	53	G	G	-	-	0	0	5018	1	0	0	425	0	0	0	32	0	0	0	0	0	0	0	0	0	0	0	0	0	0	0	0	0
0	0	0	+	1	54	54	G	G	-	-	1	1	5018	0	0	0	426	0	0	0	32	0	0	0	0	0	0	0	0	0	0	0	0	0	0	0	0	0
0	0	0	+	1	55	55	A	A	-	-	5017	1	2	0	426	0	0	0	32	0	0	0	0	0	0	0	0	0	0	0	0	0	0	0	0	0	0	0
0	0	0	+	1	56	56	T	T	-	-	0	0	0	5020	0	0	0	426	0	0	0	32	0	0	0	0	0	0	0	0	0	0	0	0	0	0	0	0
0	0	0	+	1	57	57	G	G	-	-	0	0	5020	0	0	0	426	0	0	0	32	0	0	0	0	0	0	0	0	0	0	0	0	0	0	0	0	0
0	0	0	+	1	58	58	G	G	-	-	0	0	5020	0	0	0	426	0	0	0	32	0	0	0	0	0	0	0	0	0	0	0	0	0	0	0	0	0
0	0	0	+	2	0	58	C	G	-	-	0	5020	0	0	0	426	0	0	0	32	0	0	0	0	0	0	0	0	0	0	0	0	0	0	0	0	0	0
0	0	0	+	2	1	57	C	G	-	-	0	5020	0	0	0	426	0	0	0	32	0	0	0	0	0	0	0	0	0	0	0	0	0	0	0	0	0	0
0	0	0	+	2	2	56	A	T	-	-	5019	0	0	0	425	0	0	0	32	0	0	0	0	0	0	0	0	0	0	0	0	0	0	0	0	0	0	0
0	0	0	+	2	3	55	T	A	-	-	0	1	0	5019	0	0	0	426	0	0	0	32	0	0	0	0	0	0	0	0	0	0	0	0	0	0	0	0
0	0	0	+	2	4	54	C	G	-	-	1	5018	0	1	0	426	0	0	0	32	0	0	0	0	0	0	0	0	0	0	0	0	0	0	0	0	0	0
0	0	0	+	2	5	53	C	G	-	-	1	5018	0	0	0	425	0	0	0	32	0	0	0	0	0	0	0	0	0	0	0	0	0	0	0	0	0	0
0	0	0	+	2	6	52	A	T	-	-	5016	0	2	2	426	0	0	0	32	0	0	0	0	0	0	0	0	0	0	0	0	0	0	0	0	0	0	0
0	0	0	+	2	7	51	C	G	-	-	0	5020	0	0	0	426	0	0	0	32	0	0	0	0	0	0	0	0	0	0	0	0	0	0	0	0	0	0
0	0	0	+	2	8	50	T	A	-	-	0	1	0	5018	0	0	0	425	0	0	0	32	0	0	0	0	0	0	0	0	0	0	0	0	0	0	0	0
0	0	0	+	2	9	49	A	T	-	-	5020	0	0	0	426	0	0	0	32	0	0	0	0	0	0	0	0	0	0	0	0	0	0	0	0	0	0	0
0	0	0	+	2	10	48	C	G	-	-	0	5020	0	0	0	426	0	0	0	32	0	0	0	0	0	0	0	0	0	0	0	0	0	0	0	0	0	0
0	0	0	+	2	11	47	A	T	-	-	5020	0	0	0	426	0	0	0	32	0	0	0	0	0	0	0	0	0	0	0	0	0	0	0	0	0	0	0
0	0	0	+	2	12	46	A	T	-	-	5020	0	0	0	426	0	0	0	32	0	0	0	0	0	0	0	0	0	0	0	0	0	0	0	0	0	0	0
0	0	0	+	2	13	45	C	G	-	-	0	5020	0	0	0	426	0	0	0	32	0	0	0	0	0	0	0	0	0	0	0	0	0	0	0	0	0	0
0	0	0	+	2	14	44	T	A	-	-	0	1	0	5019	0	0	0	426	0	0	0	32	0	0	0	0	0	0	0	0	0	0	0	0	0	0	0	0
0	0	0	+	2	15	43	A	T	-	-	5018	1	1	0	426	0	0	0	32	0	0	0	0	0	0	0	0	0	0	0	0	0	0	0	0	0	0	0
0	0	0	+	2	16	42	C	G	-	-	0	5020	0	0	0	426	0	0	0	32	0	0	0	0	0	0	0	0	0	0	0	0	0	0	0	0	0	0
0	0	0	+	2	17	41	A	T	-	-	5019	1	0	0	426	0	0	0	32	0	0	0	0	0	0	0	0	0	0	0	0	0	0	0	0	0	0	0
0	0	0	+	2	18	40	T	A	-	-	0	0	0	5020	0	0	0	426	0	0	0	32	0	0	0	0	0	0	0	0	0	0	0	0	0	0	0	0
0	0	0	+	2	19	39	G	C	-	-	1	0	5018	1	1	0	425	0	0	0	32	0	0	0	0	0	0	0	0	0	0	0	0	0	0	0	0	0
0	0	0	+	2	20	38	T	A	-	-	0	0	2	5018	0	0	0	426	0	0	0	32	0	0	0	0	0	0	0	0	0	0	0	0	0	0	0	0
0	0	0	+	2	21	37	G	C	-	-	1	0	5018	1	0	0	426	0	0	0	32	0	0	0	0	0	0	0	0	0	0	0	0	0	0	0	0	0
0	0	0	+	2	22	36	T	A	-	-	0	1	2	5017	0	0	0	426	0	0	0	32	0	0	0	0	0	0	0	0	0	0	0	0	0	0	0	0
2	0	0	+	2	23	35	A	T	G	C	5012	1	7	0	426	0	0	0	32	0	0	0	0	0	0	0	0	0	0	0	0	0	0	0	0	0	0	0
0	0	0	+	2	24	34	A	T	-	-	5018	1	0	1	426	0	0	0	32	0	0	0	0	0	0	0	0	0	0	0	0	0	0	0	0	0	0	0
0	0	0	+	2	25	33	C	G	-	-	4	5014	0	2	0	426	0	0	0	32	0	0	0	0	0	0	0	0	0	0	0	0	0	0	0	0	0	0
0	0	0	+	2	26	32	A	T	-	-	5019	0	0	1	426	0	0	0	32	0	0	0	0	0	0	0	0	0	0	0	0	0	0	0	0	0	0	0
0	0	0	+	2	27	31	G	C	-	-	0	0	5020	0	0	0	426	0	0	0	32	0	0	0	0	0	0	0	0	0	0	0	0	0	0	0	0	0
0	0	0	+	2	28	30	T	A	-	-	3	0	0	5015	0	0	0	424	0	0	0	31	0	0	0	0	0	0	0	0	0	0	0	0	0	0	0	0
0	0	0	+	2	29	29	T	A	-	-	0	0	0	5020	0	0	0	426	0	0	0	32	0	0	0	0	0	0	0	0	0	0	0	0	0	0	0	0
0	0	0	+	2	30	28	C	G	-	-	0	5019	0	1	0	426	0	0	0	32	0	0	0	0	0	0	0	0	0	0	0	0	0	0	0	0	0	0
0	0	0	+	2	31	27	C	G	-	-	3	5016	0	0	0	425	0	0	0	32	0	0	0	0	0	0	0	0	0	0	0	0	0	0	0	0	0	0
0	0	0	+	2	32	26	T	A	-	-	0	2	0	5016	0	0	0	424	0	0	0	32	0	0	0	0	0	0	0	0	0	0	0	0	0	0	0	0
0	0	0	+	2	33	25	G	C	-	-	0	0	5018	2	0	0	426	0	0	0	32	0	0	0	0	0	0	0	0	0	0	0	0	0	0	0	0	0
0	0	0	+	2	34	24	C	G	-	-	1	5013	0	4	0	424	0	0	0	32	0	0	0	0	0	0	0	0	0	0	0	0	0	0	0	0	0	0
0	0	0	+	2	35	23	A	T	-	-	5019	1	0	0	426	0	0	0	32	0	0	0	0	0	0	0	0	0	0	0	0	0	0	0	0	0	0	0
0	0	0	+	2	36	22	T	A	-	-	0	2	0	5017	0	0	0	425	0	0	0	31	0	0	0	0	0	0	0	0	0	0	0	0	0	0	0	0
0	0	0	+	2	37	21	G	C	-	-	1	0	5014	3	0	0	424	0	0	0	32	0	0	0	0	0	0	0	0	0	0	0	0	0	0	0	0	0
0	0	0	+	2	38	20	G	C	-	-	1	0	5014	4	0	0	425	0	0	0	32	0	0	0	0	0	0	0	0	0	0	0	0	0	0	0	0	0
0	0	0	+	2	39	19	G	C	-	-	1	0	5018	1	0	0	426	0	0	0	32	0	0	0	0	0	0	0	0	0	0	0	0	0	0	0	0	0
0	0	0	+	2	40	18	C	G	-	-	1	5016	0	2	0	425	0	0	0	32	0	0	0	0	0	0	0	0	0	0	0	0	0	0	0	0	0	0
0	0	0	+	2	41	17	G	C	-	-	6	0	5014	0	0	0	426	0	0	0	32	0	0	0	0	0	0	0	0	0	0	0	0	0	0	0	0	0
0	0	0	+	2	42	16	G	C	-	-	18	2	4978	20	1	0	423	0	0	0	32	0	0	0	0	0	0	0	0	0	0	0	0	0	0	0	0	0
0	0	0	+	2	43	15	C	G	-	-	0	5016	0	4	0	426	0	0	0	32	0	0	0	0	0	0	0	0	0	0	0	0	0	0	0	0	0	0
0	0	0	+	2	44	14	A	T	-	-	5019	0	0	0	425	0	0	0	31	0	0	0	0	0	0	0	0	0	0	0	0	0	0	0	0	0	0	0
0	0	0	+	2	45	13	T	A	-	-	0	1	0	5019	0	0	0	426	0	0	0	32	0	0	0	0	0	0	0	0	0	0	0	0	0	0	0	0
0	0	0	+	2	46	12	G	C	-	-	0	0	5019	1	0	0	426	0	0	0	32	0	0	0	0	0	0	0	0	0	0	0	0	0	0	0	0	0
0	0	0	+	2	47	11	A	T	-	-	5016	0	2	0	424	0	0	0	32	0	0	0	0	0	0	0	0	0	0	0	0	0	0	0	0	0	0	0
0	0	0	+	2	48	10	A	T	-	-	5019	0	1	0	426	0	0	0	32	0	0	0	0	0	0	0	0	0	0	0	0	0	0	0	0	0	0	0
0	0	0	+	2	49	9	C	G	-	-	0	5016	0	3	0	425	0	0	0	32	0	0	0	0	0	0	0	0	0	0	0	0	0	0	0	0	0	0
0	0	0	+	2	50	8	C	G	-	-	3	5015	0	1	0	425	0	0	0	31	0	0	0	0	0	0	0	0	0	0	0	0	0	0	0	0	0	0
0	0	0	+	2	51	7	G	C	-	-	3	0	5017	0	0	0	426	0	0	0	32	0	0	0	0	0	0	0	0	0	0	0	0	0	0	0	0	0
0	0	0	+	2	52	6	G	C	-	-	2	0	5017	1	0	0	426	0	0	0	32	0	0	0	0	0	0	0	0	0	0	0	0	0	0	0	0	0
0	0	0	+	2	53	5	A	T	-	-	5014	3	1	1	425	0	0	0	31	0	0	0	0	0	0	0	0	0	0	0	0	0	0	0	0	0	0	0
0	0	0	+	2	54	4	G	C	-	-	0	1	5017	2	0	0	426	0	0	0	32	0	0	0	0	0	0	0	0	0	0	0	0	0	0	0	0	0
0	0	0	+	2	55	3	G	C	-	-	2	0	5017	1	0	0	426	0	0	0	32	0	0	0	0	0	0	0	0	0	0	0	0	0	0	0	0	0
0	0	0	+	2	56	2	C	G	-	-	2	5016	0	1	0	425	0	0	0	32	0	0	0	0	0	0	0	0	0	0	0	0	0	0	0	0	0	0
0	0	0	+	2	57	1	C	G	-	-	3	5014	0	1	0	424	0	0	0	32	0	0	0	0	0	0	0	0	0	0	0	0	0	0	0	0	0	0
0	0	0	+	2	58	0	C	G	-	-	2	5017	0	1	0	426	0	0	0	32	0	0	0	0	0	0	0	0	0	0	0	0	0	0	0	0	0	0
