target_base	locus_index	reference_index	target_strand	read_index	read_pos	template_pos	expected_read_base	expected_template_base	variant_read_base	variant_template_base	A1	C1	G1	T1	A2	C2	G2	T2	A3	C3	G3	T3	A5	C5	G5	T5	A10	C10	G10	T10	A15	C15	G15	T15	A20	C20	G20	T20
0	5	0	-	1	0	0	G	G	-	-	5	3	7905	77	0	0	807	1	0	0	70	0	0	0	1	0	0	0	0	0	0	0	0	0	0	0	0	0
0	5	0	-	1	1	1	G	G	-	-	6	1	7999	2	0	0	826	0	0	0	72	0	0	0	1	0	0	0	0	0	0	0	0	0	0	0	0	0
0	5	0	-	1	2	2	C	C	-	-	1	8007	0	1	0	827	0	0	0	72	0	0	0	1	0	0	0	0	0	0	0	0	0	0	0	0	0	0
0	5	0	-	1	3	3	T	T	-	-	0	2	0	8006	0	0	0	826	0	0	0	72	0	0	0	1	0	0	0	0	0	0	0	0	0	0	0	0
0	5	0	-	1	4	4	C	C	-	-	0	8009	0	0	0	827	0	0	0	72	0	0	0	1	0	0	0	0	0	0	0	0	0	0	0	0	0	0
0	5	0	-	1	5	5	T	T	-	-	1	1	0	8005	0	0	0	825	0	0	0	72	0	0	0	1	0	0	0	0	0	0	0	0	0	0	0	0
0	5	0	-	1	6	6	C	C	-	-	5	8002	0	0	0	825	0	0	0	72	0	0	0	1	0	0	0	0	0	0	0	0	0	0	0	0	0	0
0	5	0	-	1	7	7	C	C	-	-	0	8008	0	1	0	827	0	0	0	72	0	0	0	1	0	0	0	0	0	0	0	0	0	0	0	0	0	0
0	5	0	-	1	8	8	C	C	-	-	1	8004	1	2	0	826	0	0	0	72	0	0	0	1	0	0	0	0	0	0	0	0	0	0	0	0	0	0
0	5	0	-	1	9	9	C	C	-	-	7	8001	0	0	0	826	0	0	0	72	0	0	0	1	0	0	0	0	0	0	0	0	0	0	0	0	0	0
0	5	0	-	1	10	10	C	C	-	-	4	8002	0	1	0	825	0	0	0	72	0	0	0	1	0	0	0	0	0	0	0	0	0	0	0	0	0	0
0	5	0	-	1	11	11	A	A	-	-	8008	0	0	1	827	0	0	0	72	0	0	0	1	0	0	0	0	0	0	0	0	0	0	0	0	0	0	0
0	5	0	-	1	12	12	A	A	-	-	8007	0	1	0	826	0	0	0	72	0	0	0	1	0	0	0	0	0	0	0	0	0	0	0	0	0	0	0
0	5	0	-	1	13	13	A	A	-	-	8006	1	1	0	826	0	0	0	72	0	0	0	1	0	0	0	0	0	0	0	0	0	0	0	0	0	0	0
0	5	0	-	1	14	14	C	C	-	-	1	8006	0	2	0	827	0	0	0	72	0	0	0	1	0	0	0	0	0	0	0	0	0	0	0	0	0	0
0	5	0	-	1	15	15	T	T	-	-	1	2	0	8006	0	0	0	827	0	0	0	72	0	0	0	1	0	0	0	0	0	0	0	0	0	0	0	0
0	5	0	-	1	16	16	G	G	-	-	2	1	7218	624	0	0	654	9	0	0	53	0	0	0	1	0	0	0	0	0	0	0	0	0	0	0	0	0
0	5	0	-	1	17	17	T	T	-	-	4	5	5	7989	0	0	0	821	0	0	0	71	0	0	0	1	0	0	0	0	0	0	0	0	0	0	0	0
0	5	0	-	1	18	18	G	G	-	-	0	0	8009	0	0	0	827	0	0	0	72	0	0	0	1	0	0	0	0	0	0	0	0	0	0	0	0	0
0	5	0	-	1	19	19	T	T	-	-	3	1	0	8002	0	0	0	824	0	0	0	72	0	0	0	1	0	0	0	0	0	0	0	0	0	0	0	0
2	5	0	-	1	20	20	C	C	T	T	3	7996	0	10	0	825	0	2	0	72	0	0	0	1	0	0	0	0	0	0	0	0	0	0	0	0	0	0
0	5	0	-	1	21	21	A	A	-	-	8008	1	0	0	827	0	0	0	72	0	0	0	1	0	0	0	0	0	0	0	0	0	0	0	0	0	0	0
0	5	0	-	1	22	22	C	C	-	-	1	8007	0	1	0	827	0	0	0	72	0	0	0	1	0	0	0	0	0	0	0	0	0	0	0	0	0	0
0	5	0	-	1	23	23	A	A	-	-	8009	0	0	0	827	0	0	0	72	0	0	0	1	0	0	0	0	0	0	0	0	0	0	0	0	0	0	0
0	5	0	-	1	24	24	C	C	-	-	2	8007	0	0	0	827	0	0	0	72	0	0	0	1	0	0	0	0	0	0	0	0	0	0	0	0	0	0
0	5	0	-	1	25	25	T	T	-	-	0	1	0	8008	0	0	0	827	0	0	0	72	0	0	0	1	0	0	0	0	0	0	0	0	0	0	0	0
0	5	0	-	1	26	26	G	G	-	-	1	0	8005	3	0	0	827	0	0	0	72	0	0	0	1	0	0	0	0	0	0	0	0	0	0	0	0	0
0	5	0	-	1	27	27	A	A	-	-	8008	0	0	1	827	0	0	0	72	0	0	0	1	0	0	0	0	0	0	0	0	0	0	0	0	0	0	0
0	5	0	-	1	28	28	T	T	-	-	0	0	0	8009	0	0	0	827	0	0	0	72	0	0	0	1	0	0	0	0	0	0	0	0	0	0	0	0
0	5	0	-	1	29	29	A	A	-	-	8009	0	0	0	827	0	0	0	72	0	0	0	1	0	0	0	0	0	0	0	0	0	0	0	0	0	0	0
0	5	0	-	1	30	30	T	T	-	-	0	1	0	8007	0	0	0	826	0	0	0	72	0	0	0	1	0	0	0	0	0	0	0	0	0	0	0	0
0	5	0	-	1	31	31	G	G	-	-	0	0	8008	1	0	0	827	0	0	0	72	0	0	0	1	0	0	0	0	0	0	0	0	0	0	0	0	0
0	5	0	-	1	32	32	T	T	-	-	3	4	0	8000	0	0	0	825	0	0	0	72	0	0	0	1	0	0	0	0	0	0	0	0	0	0	0	0
0	5	0	-	1	33	33	G	G	-	-	2	0	8002	5	0	0	827	0	0	0	72	0	0	0	1	0	0	0	0	0	0	0	0	0	0	0	0	0
0	5	0	-	1	34	34	G	G	-	-	1	0	8006	1	0	0	826	0	0	0	72	0	0	0	1	0	0	0	0	0	0	0	0	0	0	0	0	0
0	5	0	-	1	35	35	G	G	-	-	1	0	8007	0	0	0	826	0	0	0	72	0	0	0	1	0	0	0	0	0	0	0	0	0	0	0	0	0
0	5	0	-	1	36	36	T	T	-	-	7	4	2	7988	0	0	0	819	0	0	0	72	0	0	0	1	0	0	0	0	0	0	0	0	0	0	0	0
0	5	0	-	1	37	37	G	G	-	-	2	0	8006	0	0	0	826	0	0	0	72	0	0	0	1	0	0	0	0	0	0	0	0	0	0	0	0	0
0	5	0	-	1	38	38	G	G	-	-	2	0	8006	1	0	0	827	0	0	0	72	0	0	0	1	0	0	0	0	0	0	0	0	0	0	0	0	0
0	5	0	-	1	39	39	C	C	-	-	0	8003	2	4	0	827	0	0	0	72	0	0	0	1	0	0	0	0	0	0	0	0	0	0	0	0	0	0
0	5	0	-	1	40	40	C	C	-	-	0	8008	0	1	0	827	0	0	0	72	0	0	0	1	0	0	0	0	0	0	0	0	0	0	0	0	0	0
0	5	0	-	1	41	41	C	C	-	-	0	8007	0	2	0	827	0	0	0	72	0	0	0	1	0	0	0	0	0	0	0	0	0	0	0	0	0	0
0	5	0	-	1	42	42	A	A	-	-	8008	0	1	0	827	0	0	0	72	0	0	0	1	0	0	0	0	0	0	0	0	0	0	0	0	0	0	0
0	5	0	-	1	43	43	C	C	-	-	1	8006	0	2	0	827	0	0	0	72	0	0	0	1	0	0	0	0	0	0	0	0	0	0	0	0	0	0
0	5	0	-	1	44	44	A	A	-	-	8007	1	1	0	827	0	0	0	72	0	0	0	1	0	0	0	0	0	0	0	0	0	0	0	0	0	0	0
0	5	0	-	1	45	45	T	T	-	-	0	0	0	8009	0	0	0	827	0	0	0	72	0	0	0	1	0	0	0	0	0	0	0	0	0	0	0	0
0	5	0	-	1	46	46	A	A	-	-	8008	1	0	0	827	0	0	0	72	0	0	0	1	0	0	0	0	0	0	0	0	0	0	0	0	0	0	0
0	5	0	-	1	47	47	G	G	-	-	0	0	8007	1	0	0	826	0	0	0	72	0	0	0	1	0	0	0	0	0	0	0	0	0	0	0	0	0
0	5	0	-	1	48	48	T	T	-	-	2	7	2	7996	0	0	0	825	0	0	0	72	0	0	0	1	0	0	0	0	0	0	0	0	0	0	0	0
0	5	0	-	1	49	49	G	G	-	-	1	0	8007	0	0	0	826	0	0	0	72	0	0	0	1	0	0	0	0	0	0	0	0	0	0	0	0	0
0	5	0	-	1	50	50	C	C	-	-	0	8005	2	2	0	827	0	0	0	72	0	0	0	1	0	0	0	0	0	0	0	0	0	0	0	0	0	0
0	5	0	-	1	51	51	A	A	-	-	8006	1	2	0	827	0	0	0	72	0	0	0	1	0	0	0	0	0	0	0	0	0	0	0	0	0	0	0
0	5	0	-	1	52	52	G	G	-	-	0	0	8008	0	0	0	826	0	0	0	71	0	0	0	1	0	0	0	0	0	0	0	0	0	0	0	0	0
0	5	0	-	1	53	53	C	C	-	-	2	8005	0	1	0	826	0	0	0	72	0	0	0	1	0	0	0	0	0	0	0	0	0	0	0	0	0	0
0	5	0	-	2	0	53	G	C	-	-	1	0	8006	1	0	0	826	0	0	0	72	0	0	0	1	0	0	0	0	0	0	0	0	0	0	0	0	0
0	5	0	-	2	1	52	C	G	-	-	1	8008	0	0	0	827	0	0	0	72	0	0	0	1	0	0	0	0	0	0	0	0	0	0	0	0	0	0
0	5	0	-	2	2	51	T	A	-	-	0	2	0	8007	0	0	0	827	0	0	0	72	0	0	0	1	0	0	0	0	0	0	0	0	0	0	0	0
0	5	0	-	2	3	50	G	C	-	-	2	2	8004	0	0	0	826	0	0	0	72	0	0	0	1	0	0	0	0	0	0	0	0	0	0	0	0	0
0	5	0	-	2	4	49	C	G	-	-	0	8006	1	1	0	826	0	0	0	72	0	0	0	1	0	0	0	0	0	0	0	0	0	0	0	0	0	0
0	5	0	-	2	5	48	A	T	-	-	8006	1	2	0	827	0	0	0	72	0	0	0	1	0	0	0	0	0	0	0	0	0	0	0	0	0	0	0
0	5	0	-	2	6	47	C	G	-	-	0	8009	0	0	0	827	0	0	0	72	0	0	0	1	0	0	0	0	0	0	0	0	0	0	0	0	0	0
0	5	0	-	2	7	46	T	A	-	-	0	0	1	8008	0	0	0	827	0	0	0	72	0	0	0	1	0	0	0	0	0	0	0	0	0	0	0	0
0	5	0	-	2	8	45	A	T	-	-	8009	0	0	0	827	0	0	0	72	0	0	0	1	0	0	0	0	0	0	0	0	0	0	0	0	0	0	0
0	5	0	-	2	9	44	T	A	-	-	0	1	0	8008	0	0	0	827	0	0	0	72	0	0	0	1	0	0	0	0	0	0	0	0	0	0	0	0
0	5	0	-	2	10	43	G	C	-	-	2	0	8006	1	0	0	827	0	0	0	72	0	0	0	1	0	0	0	0	0	0	0	0	0	0	0	0	0
0	5	0	-	2	11	42	T	A	-	-	0	2	1	8004	0	0	0	825	0	0	0	72	0	0	0	1	0	0	0	0	0	0	0	0	0	0	0	0
0	5	0	-	2	12	41	G	C	-	-	2	0	8007	0	0	0	827	0	0	0	72	0	0	0	1	0	0	0	0	0	0	0	0	0	0	0	0	0
0	5	0	-	2	13	40	G	C	-	-	3	0	8000	2	0	0	823	0	0	0	71	0	0	0	1	0	0	0	0	0	0	0	0	0	0	0	0	0
0	5	0	-	2	14	39	G	C	-	-	4	2	8000	2	0	0	826	0	0	0	72	0	0	0	1	0	0	0	0	0	0	0	0	0	0	0	0	0
0	5	0	-	2	15	38	C	G	-	-	4	8003	0	2	0	827	0	0	0	72	0	0	0	1	0	0	0	0	0	0	0	0	0	0	0	0	0	0
0	5	0	-	2	16	37	C	G	-	-	1	8005	1	2	0	827	0	0	0	72	0	0	0	1	0	0	0	0	0	0	0	0	0	0	0	0	0	0
0	5	0	-	2	17	36	A	T	-	-	8009	0	0	0	827	0	0	0	72	0	0	0	1	0	0	0	0	0	0	0	0	0	0	0	0	0	0	0
0	5	0	-	2	18	35	C	G	-	-	0	8007	0	2	0	827	0	0	0	72	0	0	0	1	0	0	0	0	0	0	0	0	0	0	0	0	0	0
0	5	0	-	2	19	34	C	G	-	-	1	8005	0	2	0	826	0	0	0	72	0	0	0	1	0	0	0	0	0	0	0	0	0	0	0	0	0	0
0	5	0	-	2	20	33	C	G	-	-	4	8003	0	2	0	827	0	0	0	72	0	0	0	1	0	0	0	0	0	0	0	0	0	0	0	0	0	0
0	5	0	-	2	21	32	A	T	-	-	8009	0	0	0	827	0	0	0	72	0	0	0	1	0	0	0	0	0	0	0	0	0	0	0	0	0	0	0
0	5	0	-	2	22	31	C	G	-	-	1	8008	0	0	0	827	0	0	0	72	0	0	0	1	0	0	0	0	0	0	0	0	0	0	0	0	0	0
0	5	0	-	2	23	30	A	T	-	-	8006	0	1	0	825	0	0	0	72	0	0	0	1	0	0	0	0	0	0	0	0	0	0	0	0	0	0	0
0	5	0	-	2	24	29	T	A	-	-	0	0	0	8009	0	0	0	827	0	0	0	72	0	0	0	1	0	0	0	0	0	0	0	0	0	0	0	0
0	5	0	-	2	25	28	A	T	-	-	8009	0	0	0	827	0	0	0	72	0	0	0	1	0	0	0	0	0	0	0	0	0	0	0	0	0	0	0
0	5	0	-	2	26	27	T	A	-	-	1	0	0	8008	0	0	0	827	0	0	0	72	0	0	0	1	0	0	0	0	0	0	0	0	0	0	0	0
0	5	0	-	2	27	26	C	G	-	-	3	8004	0	2	0	827	0	0	0	72	0	0	0	1	0	0	0	0	0	0	0	0	0	0	0	0	0	0
0	5	0	-	2	28	25	A	T	-	-	8007	0	1	1	827	0	0	0	72	0	0	0	1	0	0	0	0	0	0	0	0	0	0	0	0	0	0	0
0	5	0	-	2	29	24	G	C	-	-	1	0	8005	3	0	0	827	0	0	0	72	0	0	0	1	0	0	0	0	0	0	0	0	0	0	0	0	0
0	5	0	-	2	30	23	T	A	-	-	0	5	2	7999	0	0	0	824	0	0	0	72	0	0	0	1	0	0	0	0	0	0	0	0	0	0	0	0
0	5	0	-	2	31	22	G	C	-	-	0	0	8008	1	0	0	827	0	0	0	72	0	0	0	1	0	0	0	0	0	0	0	0	0	0	0	0	0
0	5	0	-	2	32	21	T	A	-	-	10	14	10	7966	0	0	0	818	0	0	0	71	0	0	0	1	0	0	0	0	0	0	0	0	0	0	0	0
2	5	0	-	2	33	20	G	C	A	T	10	0	7997	2	2	0	825	0	0	0	72	0	0	0	1	0	0	0	0	0	0	0	0	0	0	0	0	0
0	5	0	-	2	34	19	A	T	-	-	8002	0	1	4	825	0	0	0	71	0	0	0	1	0	0	0	0	0	0	0	0	0	0	0	0	0	0	0
0	5	0	-	2	35	18	C	G	-	-	0	8009	0	0	0	827	0	0	0	72	0	0	0	1	0	0	0	0	0	0	0	0	0	0	0	0	0	0
0	5	0	-	2	36	17	A	T	-	-	8004	2	2	1	827	0	0	0	72	0	0	0	1	0	0	0	0	0	0	0	0	0	0	0	0	0	0	0
0	5	0	-	2	37	16	C	G	-	-	3	8004	0	1	0	826	0	0	0	72	0	0	0	1	0	0	0	0	0	0	0	0	0	0	0	0	0	0
0	5	0	-	2	38	15	A	T	-	-	8003	2	3	1	827	0	0	0	72	0	0	0	1	0	0	0	0	0	0	0	0	0	0	0	0	0	0	0
0	5	0	-	2	39	14	G	C	-	-	2	0	8007	0	0	0	827	0	0	0	72	0	0	0	1	0	0	0	0	0	0	0	0	0	0	0	0	0
0	5	0	-	2	40	13	T	A	-	-	0	2	1	8004	0	0	0	825	0	0	0	72	0	0	0	1	0	0	0	0	0	0	0	0	0	0	0	0
0	5	0	-	2	41	12	T	A	-	-	0	1	0	8007	0	0	0	826	0	0	0	72	0	0	0	1	0	0	0	0	0	0	0	0	0	0	0	0
0	5	0	-	2	42	11	T	A	-	-	1	0	7	7997	0	0	0	823	0	0	0	71	0	0	0	1	0	0	0	0	0	0	0	0	0	0	0	0
0	5	0	-	2	43	10	G	C	-	-	4	11	7500	402	0	0	733	2	0	0	67	0	0	0	1	0	0	0	0	0	0	0	0	0	0	0	0	0
0	5	0	-	2	44	9	G	C	-	-	0	0	8001	7	0	0	826	0	0	0	72	0	0	0	1	0	0	0	0	0	0	0	0	0	0	0	0	0
0	5	0	-	2	45	8	G	C	-	-	1	1	8004	1	0	0	825	0	0	0	72	0	0	0	1	0	0	0	0	0	0	0	0	0	0	0	0	0
0	5	0	-	2	46	7	G	C	-	-	1	0	8008	0	0	0	827	0	0	0	72	0	0	0	1	0	0	0	0	0	0	0	0	0	0	0	0	0
0	5	0	-	2	47	6	G	C	-	-	0	1	8002	4	0	0	825	0	0	0	72	0	0	0	1	0	0	0	0	0	0	0	0	0	0	0	0	0
0	5	0	-	2	48	5	A	T	-	-	8006	1	1	0	826	0	0	0	72	0	0	0	1	0	0	0	0	0	0	0	0	0	0	0	0	0	0	0
0	5	0	-	2	49	4	G	C	-	-	0	0	8006	1	0	0	825	0	0	0	71	0	0	0	1	0	0	0	0	0	0	0	0	0	0	0	0	0
0	5	0	-	2	50	3	A	T	-	-	8004	1	2	1	826	0	0	0	72	0	0	0	1	0	0	0	0	0	0	0	0	0	0	0	0	0	0	0
0	5	0	-	2	51	2	G	C	-	-	1	0	8007	1	0	0	827	0	0	0	72	0	0	0	1	0	0	0	0	0	0	0	0	0	0	0	0	0
0	5	0	-	2	52	1	C	G	-	-	2	8000	1	5	0	826	0	0	0	72	0	0	0	1	0	0	0	0	0	0	0	0	0	0	0	0	0	0
0	5	0	-	2	53	0	C	G	-	-	1	8006	1	1	0	827	0	0	0	72	0	0	0	1	0	0	0	0	0	0	0	0	0	0	0	0	0	0
