target_base	locus_index	reference_index	target_strand	read_index	read_pos	template_pos	expected_read_base	expected_template_base	variant_read_base	variant_template_base	A1	C1	G1	T1	A2	C2	G2	T2	A3	C3	G3	T3	A5	C5	G5	T5	A10	C10	G10	T10	A15	C15	G15	T15	A20	C20	G20	T20
0	6	0	+	1	0	0	C	C	-	-	5	12885	0	3	0	1156	0	0	0	84	0	0	0	0	0	0	0	0	0	0	0	0	0	0	0	0	0	0
0	6	0	+	1	1	1	C	C	-	-	4	12889	0	1	0	1157	0	0	0	84	0	0	0	0	0	0	0	0	0	0	0	0	0	0	0	0	0	0
0	6	0	+	1	2	2	A	A	-	-	12891	1	2	1	1158	0	0	0	84	0	0	0	0	0	0	0	0	0	0	0	0	0	0	0	0	0	0	0
0	6	0	+	1	3	3	A	A	-	-	12893	2	0	0	1158	0	0	0	84	0	0	0	0	0	0	0	0	0	0	0	0	0	0	0	0	0	0	0
2	6	0	+	1	4	4	G	G	T	T	0	1	12887	7	0	0	1158	0	0	0	84	0	0	0	0	0	0	0	0	0	0	0	0	0	0	0	0	0
0	6	0	+	1	5	5	T	T	-	-	8	13	6	12860	0	0	0	1150	0	0	0	83	0	0	0	0	0	0	0	0	0	0	0	0	0	0	0	0
0	6	0	+	1	6	6	G	G	-	-	7	6	11314	1349	0	0	920	19	0	0	58	0	0	0	0	0	0	0	0	0	0	0	0	0	0	0	0	0
0	6	0	+	1	7	7	G	G	-	-	0	0	12892	1	0	0	1156	0	0	0	84	0	0	0	0	0	0	0	0	0	0	0	0	0	0	0	0	0
0	6	0	+	1	8	8	T	T	-	-	1	4	17	12869	0	0	0	1154	0	0	0	84	0	0	0	0	0	0	0	0	0	0	0	0	0	0	0	0
0	6	0	+	1	9	9	T	T	-	-	0	1	0	12893	0	0	0	1157	0	0	0	84	0	0	0	0	0	0	0	0	0	0	0	0	0	0	0	0
0	6	0	+	1	10	10	T	T	-	-	0	1	7	12886	0	0	0	1157	0	0	0	84	0	0	0	0	0	0	0	0	0	0	0	0	0	0	0	0
0	6	0	+	1	11	11	A	A	-	-	12893	0	0	1	1157	0	0	0	84	0	0	0	0	0	0	0	0	0	0	0	0	0	0	0	0	0	0	0
0	6	0	+	1	12	12	C	C	-	-	3	12888	2	0	0	1156	0	0	0	84	0	0	0	0	0	0	0	0	0	0	0	0	0	0	0	0	0	0
0	6	0	+	1	13	13	C	C	-	-	5	12889	0	1	0	1158	0	0	0	84	0	0	0	0	0	0	0	0	0	0	0	0	0	0	0	0	0	0
0	6	0	+	1	14	14	A	A	-	-	12893	1	0	1	1158	0	0	0	84	0	0	0	0	0	0	0	0	0	0	0	0	0	0	0	0	0	0	0
0	6	0	+	1	15	15	T	T	-	-	0	3	0	12890	0	0	0	1156	0	0	0	84	0	0	0	0	0	0	0	0	0	0	0	0	0	0	0	0
0	6	0	+	1	16	16	T	T	-	-	1	3	0	12891	0	0	0	1158	0	0	0	84	0	0	0	0	0	0	0	0	0	0	0	0	0	0	0	0
0	6	0	+	1	17	17	T	T	-	-	2	0	1	12891	0	0	0	1157	0	0	0	84	0	0	0	0	0	0	0	0	0	0	0	0	0	0	0	0
0	6	0	+	1	18	18	T	T	-	-	0	0	0	12894	0	0	0	1157	0	0	0	84	0	0	0	0	0	0	0	0	0	0	0	0	0	0	0	0
0	6	0	+	1	19	19	A	A	-	-	12892	1	1	1	1158	0	0	0	84	0	0	0	0	0	0	0	0	0	0	0	0	0	0	0	0	0	0	0
0	6	0	+	1	20	20	T	T	-	-	1	1	0	12893	0	0	0	1158	0	0	0	84	0	0	0	0	0	0	0	0	0	0	0	0	0	0	0	0
0	6	0	+	1	21	21	A	A	-	-	12893	0	1	0	1157	0	0	0	84	0	0	0	0	0	0	0	0	0	0	0	0	0	0	0	0	0	0	0
0	6	0	+	1	22	22	T	T	-	-	0	1	1	12892	0	0	0	1157	0	0	0	84	0	0	0	0	0	0	0	0	0	0	0	0	0	0	0	0
0	6	0	+	1	23	23	T	T	-	-	1	3	0	12891	0	0	0	1158	0	0	0	84	0	0	0	0	0	0	0	0	0	0	0	0	0	0	0	0
0	6	0	+	1	24	24	C	C	-	-	3	12890	1	1	0	1158	0	0	0	84	0	0	0	0	0	0	0	0	0	0	0	0	0	0	0	0	0	0
0	6	0	+	1	25	25	A	A	-	-	12889	1	1	1	1155	0	0	0	84	0	0	0	0	0	0	0	0	0	0	0	0	0	0	0	0	0	0	0
0	6	0	+	1	26	26	C	C	-	-	0	12889	0	6	0	1158	0	0	0	84	0	0	0	0	0	0	0	0	0	0	0	0	0	0	0	0	0	0
0	6	0	+	1	27	27	A	A	-	-	12888	1	2	1	1155	0	0	0	84	0	0	0	0	0	0	0	0	0	0	0	0	0	0	0	0	0	0	0
0	6	0	+	1	28	28	C	C	-	-	2	12891	0	1	0	1157	0	0	0	84	0	0	0	0	0	0	0	0	0	0	0	0	0	0	0	0	0	0
0	6	0	+	1	29	29	C	C	-	-	2	12892	0	1	0	1158	0	0	0	84	0	0	0	0	0	0	0	0	0	0	0	0	0	0	0	0	0	0
0	6	0	+	1	30	30	A	A	-	-	12891	0	4	0	1158	0	0	0	84	0	0	0	0	0	0	0	0	0	0	0	0	0	0	0	0	0	0	0
0	6	0	+	1	31	31	A	A	-	-	12890	0	4	1	1158	0	0	0	84	0	0	0	0	0	0	0	0	0	0	0	0	0	0	0	0	0	0	0
0	6	0	+	1	32	32	C	C	-	-	3	12890	0	1	0	1157	0	0	0	84	0	0	0	0	0	0	0	0	0	0	0	0	0	0	0	0	0	0
0	6	0	+	1	33	33	A	A	-	-	12893	0	1	1	1158	0	0	0	84	0	0	0	0	0	0	0	0	0	0	0	0	0	0	0	0	0	0	0
0	6	0	+	1	34	34	A	A	-	-	12894	0	0	1	1158	0	0	0	84	0	0	0	0	0	0	0	0	0	0	0	0	0	0	0	0	0	0	0
0	6	0	+	1	35	35	T	T	-	-	0	0	0	12895	0	0	0	1158	0	0	0	84	0	0	0	0	0	0	0	0	0	0	0	0	0	0	0	0
0	6	0	+	1	36	36	A	A	-	-	12894	1	0	0	1158	0	0	0	84	0	0	0	0	0	0	0	0	0	0	0	0	0	0	0	0	0	0	0
0	6	0	+	1	37	37	T	T	-	-	0	3	0	12892	0	0	0	1158	0	0	0	84	0	0	0	0	0	0	0	0	0	0	0	0	0	0	0	0
0	6	0	+	1	38	38	G	G	-	-	2	0	12887	4	0	0	1156	0	0	0	84	0	0	0	0	0	0	0	0	0	0	0	0	0	0	0	0	0
0	6	0	+	1	39	39	T	T	-	-	6	5	3	12875	0	0	0	1152	0	0	0	84	0	0	0	0	0	0	0	0	0	0	0	0	0	0	0	0
0	6	0	+	1	40	40	G	G	-	-	0	0	12892	2	0	0	1157	0	0	0	84	0	0	0	0	0	0	0	0	0	0	0	0	0	0	0	0	0
0	6	0	+	1	41	41	A	A	-	-	12886	2	1	1	1153	0	0	0	84	0	0	0	0	0	0	0	0	0	0	0	0	0	0	0	0	0	0	0
0	6	0	+	2	0	41	T	A	-	-	1	0	0	12891	0	0	0	1155	0	0	0	84	0	0	0	0	0	0	0	0	0	0	0	0	0	0	0	0
0	6	0	+	2	1	40	C	G	-	-	4	12890	0	0	0	1157	0	0	0	84	0	0	0	0	0	0	0	0	0	0	0	0	0	0	0	0	0	0
0	6	0	+	2	2	39	A	T	-	-	12894	0	0	1	1158	0	0	0	84	0	0	0	0	0	0	0	0	0	0	0	0	0	0	0	0	0	0	0
0	6	0	+	2	3	38	C	G	-	-	3	12888	0	3	0	1157	0	0	0	84	0	0	0	0	0	0	0	0	0	0	0	0	0	0	0	0	0	0
0	6	0	+	2	4	37	A	T	-	-	12890	1	3	1	1158	0	0	0	84	0	0	0	0	0	0	0	0	0	0	0	0	0	0	0	0	0	0	0
0	6	0	+	2	5	36	T	A	-	-	0	0	0	12894	0	0	0	1157	0	0	0	84	0	0	0	0	0	0	0	0	0	0	0	0	0	0	0	0
0	6	0	+	2	6	35	A	T	-	-	12892	1	1	1	1158	0	0	0	84	0	0	0	0	0	0	0	0	0	0	0	0	0	0	0	0	0	0	0
0	6	0	+	2	7	34	T	A	-	-	1	0	0	12892	0	0	0	1156	0	0	0	84	0	0	0	0	0	0	0	0	0	0	0	0	0	0	0	0
0	6	0	+	2	8	33	T	A	-	-	0	0	0	12895	0	0	0	1158	0	0	0	84	0	0	0	0	0	0	0	0	0	0	0	0	0	0	0	0
0	6	0	+	2	9	32	G	C	-	-	1	0	12890	4	0	0	1158	0	0	0	84	0	0	0	0	0	0	0	0	0	0	0	0	0	0	0	0	0
0	6	0	+	2	10	31	T	A	-	-	5	7	4	12878	0	0	0	1157	0	0	0	84	0	0	0	0	0	0	0	0	0	0	0	0	0	0	0	0
0	6	0	+	2	11	30	T	A	-	-	0	4	0	12891	0	0	0	1158	0	0	0	84	0	0	0	0	0	0	0	0	0	0	0	0	0	0	0	0
0	6	0	+	2	12	29	G	C	-	-	0	0	12894	1	0	0	1158	0	0	0	84	0	0	0	0	0	0	0	0	0	0	0	0	0	0	0	0	0
0	6	0	+	2	13	28	G	C	-	-	0	0	12893	2	0	0	1158	0	0	0	84	0	0	0	0	0	0	0	0	0	0	0	0	0	0	0	0	0
0	6	0	+	2	14	27	T	A	-	-	19	26	17	12819	0	0	0	1144	0	0	0	82	0	0	0	0	0	0	0	0	0	0	0	0	0	0	0	0
0	6	0	+	2	15	26	G	C	-	-	6	0	12888	1	0	0	1158	0	0	0	84	0	0	0	0	0	0	0	0	0	0	0	0	0	0	0	0	0
0	6	0	+	2	16	25	T	A	-	-	7	5	4	12873	0	0	0	1152	0	0	0	84	0	0	0	0	0	0	0	0	0	0	0	0	0	0	0	0
0	6	0	+	2	17	24	G	C	-	-	1	1	12890	3	0	0	1158	0	0	0	84	0	0	0	0	0	0	0	0	0	0	0	0	0	0	0	0	0
0	6	0	+	2	18	23	A	T	-	-	12887	0	4	4	1158	0	0	0	84	0	0	0	0	0	0	0	0	0	0	0	0	0	0	0	0	0	0	0
0	6	0	+	2	19	22	A	T	-	-	12892	1	0	1	1157	0	0	0	84	0	0	0	0	0	0	0	0	0	0	0	0	0	0	0	0	0	0	0
0	6	0	+	2	20	21	T	A	-	-	1	1	0	12892	0	0	0	1157	0	0	0	84	0	0	0	0	0	0	0	0	0	0	0	0	0	0	0	0
0	6	0	+	2	21	20	A	T	-	-	12892	0	2	1	1158	0	0	0	84	0	0	0	0	0	0	0	0	0	0	0	0	0	0	0	0	0	0	0
0	6	0	+	2	22	19	T	A	-	-	0	1	0	12894	0	0	0	1158	0	0	0	84	0	0	0	0	0	0	0	0	0	0	0	0	0	0	0	0
0	6	0	+	2	23	18	A	T	-	-	12894	0	0	0	1157	0	0	0	84	0	0	0	0	0	0	0	0	0	0	0	0	0	0	0	0	0	0	0
0	6	0	+	2	24	17	A	T	-	-	12894	1	0	0	1158	0	0	0	84	0	0	0	0	0	0	0	0	0	0	0	0	0	0	0	0	0	0	0
0	6	0	+	2	25	16	A	T	-	-	12891	0	3	1	1158	0	0	0	84	0	0	0	0	0	0	0	0	0	0	0	0	0	0	0	0	0	0	0
0	6	0	+	2	26	15	A	T	-	-	12890	0	3	0	1156	0	0	0	84	0	0	0	0	0	0	0	0	0	0	0	0	0	0	0	0	0	0	0
0	6	0	+	2	27	14	T	A	-	-	0	0	1	12893	0	0	0	1157	0	0	0	84	0	0	0	0	0	0	0	0	0	0	0	0	0	0	0	0
0	6	0	+	2	28	13	G	C	-	-	1	0	12890	4	0	0	1158	0	0	0	84	0	0	0	0	0	0	0	0	0	0	0	0	0	0	0	0	0
0	6	0	+	2	29	12	G	C	-	-	1	2	12886	4	0	0	1156	0	0	0	83	0	0	0	0	0	0	0	0	0	0	0	0	0	0	0	0	0
0	6	0	+	2	30	11	T	A	-	-	52	7	17	12798	0	0	0	1137	0	0	0	81	0	0	0	0	0	0	0	0	0	0	0	0	0	0	0	0
0	6	0	+	2	31	10	A	T	-	-	12894	0	1	0	1158	0	0	0	84	0	0	0	0	0	0	0	0	0	0	0	0	0	0	0	0	0	0	0
0	6	0	+	2	32	9	A	T	-	-	12892	1	1	0	1157	0	0	0	84	0	0	0	0	0	0	0	0	0	0	0	0	0	0	0	0	0	0	0
0	6	0	+	2	33	8	A	T	-	-	12893	1	1	0	1158	0	0	0	84	0	0	0	0	0	0	0	0	0	0	0	0	0	0	0	0	0	0	0
0	6	0	+	2	34	7	C	G	-	-	3	12892	0	0	0	1158	0	0	0	84	0	0	0	0	0	0	0	0	0	0	0	0	0	0	0	0	0	0
0	6	0	+	2	35	6	C	G	-	-	3	12889	1	1	0	1157	0	0	0	84	0	0	0	0	0	0	0	0	0	0	0	0	0	0	0	0	0	0
0	6	0	+	2	36	5	A	T	-	-	12893	0	1	1	1158	0	0	0	84	0	0	0	0	0	0	0	0	0	0	0	0	0	0	0	0	0	0	0
2	6	0	+	2	37	4	C	G	A	T	8	12885	1	0	0	1157	0	0	0	84	0	0	0	0	0	0	0	0	0	0	0	0	0	0	0	0	0	0
0	6	0	+	2	38	3	T	A	-	-	0	1	8	12882	0	0	0	1154	0	0	0	84	0	0	0	0	0	0	0	0	0	0	0	0	0	0	0	0
0	6	0	+	2	39	2	T	A	-	-	0	3	1	12891	0	0	0	1158	0	0	0	84	0	0	0	0	0	0	0	0	0	0	0	0	0	0	0	0
0	6	0	+	2	40	1	G	C	-	-	1	0	12888	5	0	0	1157	0	0	0	84	0	0	0	0	0	0	0	0	0	0	0	0	0	0	0	0	0
0	6	0	+	2	41	0	G	C	-	-	2	0	12887	5	0	0	1157	0	0	0	84	0	0	0	0	0	0	0	0	0	0	0	0	0	0	0	0	0
