target_base	locus_index	reference_index	target_strand	read_index	read_pos	template_pos	expected_read_base	expected_template_base	variant_read_base	variant_template_base	A1	C1	G1	T1	A2	C2	G2	T2	A3	C3	G3	T3	A5	C5	G5	T5	A10	C10	G10	T10	A15	C15	G15	T15	A20	C20	G20	T20
0	1	0	+	1	0	0	C	C	-	-	1	14325	0	3	0	1503	0	0	0	122	0	0	0	1	0	0	0	0	0	0	0	0	0	0	0	0	0	0
0	1	0	+	1	1	1	A	A	-	-	14324	0	5	1	1504	0	0	0	122	0	0	0	1	0	0	0	0	0	0	0	0	0	0	0	0	0	0	0
0	1	0	+	1	2	2	G	G	-	-	1	0	14327	2	0	0	1504	0	0	0	122	0	0	0	1	0	0	0	0	0	0	0	0	0	0	0	0	0
0	1	0	+	1	3	3	C	C	-	-	1	14320	0	9	0	1504	0	0	0	122	0	0	0	1	0	0	0	0	0	0	0	0	0	0	0	0	0	0
0	1	0	+	1	4	4	A	A	-	-	14324	0	6	0	1504	0	0	0	122	0	0	0	1	0	0	0	0	0	0	0	0	0	0	0	0	0	0	0
0	1	0	+	1	5	5	A	A	-	-	14327	1	2	0	1504	0	0	0	122	0	0	0	1	0	0	0	0	0	0	0	0	0	0	0	0	0	0	0
0	1	0	+	1	6	6	T	T	-	-	0	0	2	14328	0	0	0	1504	0	0	0	122	0	0	0	1	0	0	0	0	0	0	0	0	0	0	0	0
0	1	0	+	1	7	7	G	G	-	-	2	2	14324	0	0	0	1502	0	0	0	122	0	0	0	1	0	0	0	0	0	0	0	0	0	0	0	0	0
0	1	0	+	1	8	8	C	C	-	-	1	14324	1	3	0	1503	0	0	0	122	0	0	0	1	0	0	0	0	0	0	0	0	0	0	0	0	0	0
0	1	0	+	1	9	9	A	A	-	-	14324	0	3	2	1503	0	0	0	122	0	0	0	1	0	0	0	0	0	0	0	0	0	0	0	0	0	0	0
0	1	0	+	1	10	10	A	A	-	-	14326	1	3	0	1504	0	0	0	122	0	0	0	1	0	0	0	0	0	0	0	0	0	0	0	0	0	0	0
0	1	0	+	1	11	11	T	T	-	-	0	0	0	14328	0	0	0	1502	0	0	0	121	0	0	0	1	0	0	0	0	0	0	0	0	0	0	0	0
0	1	0	+	1	12	12	A	A	-	-	14329	0	0	1	1504	0	0	0	122	0	0	0	1	0	0	0	0	0	0	0	0	0	0	0	0	0	0	0
0	1	0	+	1	13	13	G	G	-	-	1	0	14326	1	0	0	1502	0	0	0	122	0	0	0	1	0	0	0	0	0	0	0	0	0	0	0	0	0
0	1	0	+	1	14	14	T	T	-	-	11	7	9	14300	0	0	0	1501	0	0	0	122	0	0	0	1	0	0	0	0	0	0	0	0	0	0	0	0
0	1	0	+	1	15	15	T	T	-	-	0	2	0	14328	0	0	0	1504	0	0	0	122	0	0	0	1	0	0	0	0	0	0	0	0	0	0	0	0
0	1	0	+	1	16	16	C	C	-	-	4	14322	1	0	0	1501	0	0	0	122	0	0	0	1	0	0	0	0	0	0	0	0	0	0	0	0	0	0
0	1	0	+	1	17	17	A	A	-	-	14324	1	1	3	1503	0	0	0	122	0	0	0	1	0	0	0	0	0	0	0	0	0	0	0	0	0	0	0
0	1	0	+	1	18	18	G	G	-	-	2	0	14325	1	0	0	1501	1	0	0	122	0	0	0	1	0	0	0	0	0	0	0	0	0	0	0	0	0
0	1	0	+	1	19	19	T	T	-	-	3	6	1	14319	0	0	0	1503	0	0	0	122	0	0	0	1	0	0	0	0	0	0	0	0	0	0	0	0
0	1	0	+	1	20	20	A	A	-	-	14328	0	0	1	1503	0	0	0	122	0	0	0	1	0	0	0	0	0	0	0	0	0	0	0	0	0	0	0
0	1	0	+	1	21	21	A	A	-	-	14329	0	0	1	1504	0	0	0	122	0	0	0	1	0	0	0	0	0	0	0	0	0	0	0	0	0	0	0
0	1	0	+	1	22	22	T	T	-	-	0	1	0	14329	0	0	0	1504	0	0	0	122	0	0	0	1	0	0	0	0	0	0	0	0	0	0	0	0
0	1	0	+	1	23	23	G	G	-	-	1	1	14326	2	0	0	1504	0	0	0	122	0	0	0	1	0	0	0	0	0	0	0	0	0	0	0	0	0
0	1	0	+	1	24	24	T	T	-	-	1	2	0	14327	0	0	0	1504	0	0	0	122	0	0	0	1	0	0	0	0	0	0	0	0	0	0	0	0
0	1	0	+	1	25	25	A	A	-	-	14326	0	2	0	1502	0	0	0	121	0	0	0	1	0	0	0	0	0	0	0	0	0	0	0	0	0	0	0
0	1	0	+	1	26	26	A	A	-	-	14329	0	0	0	1503	0	0	0	122	0	0	0	1	0	0	0	0	0	0	0	0	0	0	0	0	0	0	0
0	1	0	+	1	27	27	T	T	-	-	0	0	1	14329	0	0	0	1504	0	0	0	122	0	0	0	1	0	0	0	0	0	0	0	0	0	0	0	0
2	1	0	+	1	28	28	C	C	A	A	17	14312	0	0	2	1501	0	0	0	122	0	0	0	1	0	0	0	0	0	0	0	0	0	0	0	0	0	0
0	1	0	+	1	29	29	T	T	-	-	1	0	0	14328	0	0	0	1503	0	0	0	122	0	0	0	1	0	0	0	0	0	0	0	0	0	0	0	0
0	1	0	+	1	30	30	T	T	-	-	0	2	1	14327	0	0	0	1504	0	0	0	122	0	0	0	1	0	0	0	0	0	0	0	0	0	0	0	0
0	1	0	+	1	31	31	G	G	-	-	5	0	14313	11	0	0	1503	0	0	0	122	0	0	0	1	0	0	0	0	0	0	0	0	0	0	0	0	0
0	1	0	+	1	32	32	G	G	-	-	22	0	14300	1	0	0	1497	0	0	0	122	0	0	0	1	0	0	0	0	0	0	0	0	0	0	0	0	0
0	1	0	+	1	33	33	C	C	-	-	3	14315	1	7	0	1500	0	0	0	121	0	0	0	1	0	0	0	0	0	0	0	0	0	0	0	0	0	0
0	1	0	+	1	34	34	A	A	-	-	14327	0	3	0	1504	0	0	0	122	0	0	0	1	0	0	0	0	0	0	0	0	0	0	0	0	0	0	0
0	1	0	+	1	35	35	A	A	-	-	14328	0	1	1	1504	0	0	0	122	0	0	0	1	0	0	0	0	0	0	0	0	0	0	0	0	0	0	0
0	1	0	+	1	36	36	A	A	-	-	14324	1	3	0	1502	0	0	0	122	0	0	0	1	0	0	0	0	0	0	0	0	0	0	0	0	0	0	0
0	1	0	+	1	37	37	A	A	-	-	14326	1	1	0	1502	0	0	0	122	0	0	0	1	0	0	0	0	0	0	0	0	0	0	0	0	0	0	0
0	1	0	+	1	38	38	T	T	-	-	12	20	5	14279	0	0	0	1490	0	0	0	119	0	0	0	1	0	0	0	0	0	0	0	0	0	0	0	0
0	1	0	+	1	39	39	G	G	-	-	2	1	14317	8	0	0	1502	0	0	0	122	0	0	0	1	0	0	0	0	0	0	0	0	0	0	0	0	0
0	1	0	+	1	40	40	G	G	-	-	4	5	14310	9	0	0	1502	0	0	0	122	0	0	0	1	0	0	0	0	0	0	0	0	0	0	0	0	0
0	1	0	+	1	41	41	T	T	-	-	59	104	47	14049	0	0	0	1433	0	0	0	113	0	0	0	1	0	0	0	0	0	0	0	0	0	0	0	0
0	1	0	+	1	42	42	G	G	-	-	6	0	14318	3	0	0	1500	1	0	0	121	0	0	0	1	0	0	0	0	0	0	0	0	0	0	0	0	0
0	1	0	+	1	43	43	C	C	-	-	2	14324	0	3	0	1503	0	0	0	122	0	0	0	1	0	0	0	0	0	0	0	0	0	0	0	0	0	0
0	1	0	+	1	44	44	T	T	-	-	10	22	16	14267	0	0	0	1489	0	0	0	120	0	0	0	1	0	0	0	0	0	0	0	0	0	0	0	0
0	1	0	+	1	45	45	G	G	-	-	3	1	14314	5	0	0	1497	0	0	0	121	0	0	0	1	0	0	0	0	0	0	0	0	0	0	0	0	0
0	1	0	+	2	0	45	C	G	-	-	5	14316	1	2	0	1498	0	0	0	121	0	0	0	1	0	0	0	0	0	0	0	0	0	0	0	0	0	0
0	1	0	+	2	1	44	A	T	-	-	14315	2	9	1	1501	0	0	0	121	0	0	0	1	0	0	0	0	0	0	0	0	0	0	0	0	0	0	0
0	1	0	+	2	2	43	G	C	-	-	3	0	14325	1	0	0	1503	0	0	0	122	0	0	0	1	0	0	0	0	0	0	0	0	0	0	0	0	0
0	1	0	+	2	3	42	C	G	-	-	3	14320	0	6	1	1502	0	0	0	121	0	0	0	1	0	0	0	0	0	0	0	0	0	0	0	0	0	0
0	1	0	+	2	4	41	A	T	-	-	14322	4	3	0	1503	0	0	0	122	0	0	0	1	0	0	0	0	0	0	0	0	0	0	0	0	0	0	0
0	1	0	+	2	5	40	C	G	-	-	3	14325	1	1	0	1504	0	0	0	122	0	0	0	1	0	0	0	0	0	0	0	0	0	0	0	0	0	0
0	1	0	+	2	6	39	C	G	-	-	2	14324	0	2	0	1502	0	0	0	122	0	0	0	1	0	0	0	0	0	0	0	0	0	0	0	0	0	0
0	1	0	+	2	7	38	A	T	-	-	14327	1	1	0	1503	0	0	0	122	0	0	0	1	0	0	0	0	0	0	0	0	0	0	0	0	0	0	0
0	1	0	+	2	8	37	T	A	-	-	0	1	0	14329	0	0	0	1504	0	0	0	122	0	0	0	1	0	0	0	0	0	0	0	0	0	0	0	0
0	1	0	+	2	9	36	T	A	-	-	0	3	1	14325	0	0	0	1503	0	0	0	122	0	0	0	1	0	0	0	0	0	0	0	0	0	0	0	0
0	1	0	+	2	10	35	T	A	-	-	0	1	0	14329	0	0	0	1504	0	0	0	122	0	0	0	1	0	0	0	0	0	0	0	0	0	0	0	0
0	1	0	+	2	11	34	T	A	-	-	0	4	0	14326	0	0	0	1504	0	0	0	122	0	0	0	1	0	0	0	0	0	0	0	0	0	0	0	0
0	1	0	+	2	12	33	G	C	-	-	9	1	14310	5	0	0	1499	0	0	0	121	0	0	0	1	0	0	0	0	0	0	0	0	0	0	0	0	0
0	1	0	+	2	13	32	C	G	-	-	0	14298	0	23	0	1495	0	0	0	122	0	0	0	1	0	0	0	0	0	0	0	0	0	0	0	0	0	0
0	1	0	+	2	14	31	C	G	-	-	7	14317	0	6	0	1504	0	0	0	122	0	0	0	1	0	0	0	0	0	0	0	0	0	0	0	0	0	0
0	1	0	+	2	15	30	A	T	-	-	14325	3	2	0	1504	0	0	0	122	0	0	0	1	0	0	0	0	0	0	0	0	0	0	0	0	0	0	0
0	1	0	+	2	16	29	A	T	-	-	14327	2	0	0	1503	0	0	0	122	0	0	0	1	0	0	0	0	0	0	0	0	0	0	0	0	0	0	0
2	1	0	+	2	17	28	G	C	T	A	1	0	14304	23	0	0	1500	2	0	0	122	0	0	0	1	0	0	0	0	0	0	0	0	0	0	0	0	0
0	1	0	+	2	18	27	A	T	-	-	14325	4	0	0	1503	0	0	0	122	0	0	0	1	0	0	0	0	0	0	0	0	0	0	0	0	0	0	0
0	1	0	+	2	19	26	T	A	-	-	1	0	1	14328	0	0	0	1504	0	0	0	122	0	0	0	1	0	0	0	0	0	0	0	0	0	0	0	0
0	1	0	+	2	20	25	T	A	-	-	0	1	0	14326	0	0	0	1501	0	0	0	121	0	0	0	1	0	0	0	0	0	0	0	0	0	0	0	0
0	1	0	+	2	21	24	A	T	-	-	14327	0	0	1	1502	0	0	0	122	0	0	0	1	0	0	0	0	0	0	0	0	0	0	0	0	0	0	0
0	1	0	+	2	22	23	C	G	-	-	3	14323	1	1	0	1502	0	0	0	122	0	0	0	1	0	0	0	0	0	0	0	0	0	0	0	0	0	0
0	1	0	+	2	23	22	A	T	-	-	14327	0	1	2	1504	0	0	0	122	0	0	0	1	0	0	0	0	0	0	0	0	0	0	0	0	0	0	0
0	1	0	+	2	24	21	T	A	-	-	2	0	0	14328	0	0	0	1504	0	0	0	122	0	0	0	1	0	0	0	0	0	0	0	0	0	0	0	0
0	1	0	+	2	25	20	T	A	-	-	1	0	0	14328	0	0	0	1503	0	0	0	122	0	0	0	1	0	0	0	0	0	0	0	0	0	0	0	0
0	1	0	+	2	26	19	A	T	-	-	14328	0	0	1	1503	0	0	0	122	0	0	0	1	0	0	0	0	0	0	0	0	0	0	0	0	0	0	0
0	1	0	+	2	27	18	C	G	-	-	2	14325	0	2	1	1502	0	0	0	122	0	0	0	1	0	0	0	0	0	0	0	0	0	0	0	0	0	0
0	1	0	+	2	28	17	T	A	-	-	3	2	0	14324	0	0	0	1503	0	0	0	122	0	0	0	1	0	0	0	0	0	0	0	0	0	0	0	0
0	1	0	+	2	29	16	G	C	-	-	1	1	14321	3	0	0	1500	0	0	0	122	0	0	0	1	0	0	0	0	0	0	0	0	0	0	0	0	0
0	1	0	+	2	30	15	A	T	-	-	14328	0	2	0	1504	0	0	0	122	0	0	0	1	0	0	0	0	0	0	0	0	0	0	0	0	0	0	0
0	1	0	+	2	31	14	A	T	-	-	14326	0	3	1	1504	0	0	0	122	0	0	0	1	0	0	0	0	0	0	0	0	0	0	0	0	0	0	0
0	1	0	+	2	32	13	C	G	-	-	1	14328	0	1	0	1504	0	0	0	122	0	0	0	1	0	0	0	0	0	0	0	0	0	0	0	0	0	0
0	1	0	+	2	33	12	T	A	-	-	0	0	0	14330	0	0	0	1504	0	0	0	122	0	0	0	1	0	0	0	0	0	0	0	0	0	0	0	0
0	1	0	+	2	34	11	A	T	-	-	14327	0	0	1	1502	0	0	0	121	0	0	0	1	0	0	0	0	0	0	0	0	0	0	0	0	0	0	0
0	1	0	+	2	35	10	T	A	-	-	0	0	0	14329	0	0	0	1503	0	0	0	121	0	0	0	1	0	0	0	0	0	0	0	0	0	0	0	0
0	1	0	+	2	36	9	T	A	-	-	2	4	0	14323	0	0	0	1503	0	0	0	122	0	0	0	1	0	0	0	0	0	0	0	0	0	0	0	0
0	1	0	+	2	37	8	G	C	-	-	3	1	14322	2	0	0	1502	0	0	0	122	0	0	0	1	0	0	0	0	0	0	0	0	0	0	0	0	0
0	1	0	+	2	38	7	C	G	-	-	0	14323	2	3	0	1502	0	0	0	122	0	0	0	1	0	0	0	0	0	0	0	0	0	0	0	0	0	0
0	1	0	+	2	39	6	A	T	-	-	14326	0	2	1	1503	0	0	0	122	0	0	0	1	0	0	0	0	0	0	0	0	0	0	0	0	0	0	0
0	1	0	+	2	40	5	T	A	-	-	0	3	0	14327	0	0	0	1504	0	0	0	122	0	0	0	1	0	0	0	0	0	0	0	0	0	0	0	0
0	1	0	+	2	41	4	T	A	-	-	0	6	1	14323	0	0	0	1504	0	0	0	122	0	0	0	1	0	0	0	0	0	0	0	0	0	0	0	0
0	1	0	+	2	42	3	G	C	-	-	9	0	14317	3	0	0	1503	0	0	0	122	0	0	0	1	0	0	0	0	0	0	0	0	0	0	0	0	0
0	1	0	+	2	43	2	C	G	-	-	2	14327	0	1	0	1504	0	0	0	122	0	0	0	1	0	0	0	0	0	0	0	0	0	0	0	0	0	0
0	1	0	+	2	44	1	T	A	-	-	0	3	1	14326	0	0	0	1504	0	0	0	122	0	0	0	1	0	0	0	0	0	0	0	0	0	0	0	0
0	1	0	+	2	45	0	G	C	-	-	3	1	14323	1	0	0	1502	0	0	0	122	0	0	0	1	0	0	0	0	0	0	0	0	0	0	0	0	0
