target_base	locus_index	reference_index	target_strand	read_index	read_pos	template_pos	expected_read_base	expected_template_base	variant_read_base	variant_template_base	A1	C1	G1	T1	A2	C2	G2	T2	A3	C3	G3	T3	A5	C5	G5	T5	A10	C10	G10	T10	A15	C15	G15	T15	A20	C20	G20	T20
0	29	0	+	1	0	0	A	A	-	-	12720	0	0	0	1126	0	0	0	90	0	0	0	1	0	0	0	0	0	0	0	0	0	0	0	0	0	0	0
0	29	0	+	1	1	1	A	A	-	-	12718	0	0	2	1126	0	0	0	90	0	0	0	1	0	0	0	0	0	0	0	0	0	0	0	0	0	0	0
0	29	0	+	1	2	2	A	A	-	-	12716	2	1	1	1126	0	0	0	90	0	0	0	1	0	0	0	0	0	0	0	0	0	0	0	0	0	0	0
0	29	0	+	1	3	3	T	T	-	-	0	1	0	12719	0	0	0	1126	0	0	0	90	0	0	0	1	0	0	0	0	0	0	0	0	0	0	0	0
0	29	0	+	1	4	4	T	T	-	-	0	1	0	12718	0	0	0	1125	0	0	0	90	0	0	0	1	0	0	0	0	0	0	0	0	0	0	0	0
2	29	0	+	1	5	5	C	C	A	A	17	12703	0	0	0	1126	0	0	0	90	0	0	0	1	0	0	0	0	0	0	0	0	0	0	0	0	0	0
0	29	0	+	1	6	6	T	T	-	-	0	5	0	12714	0	0	0	1125	0	0	0	90	0	0	0	1	0	0	0	0	0	0	0	0	0	0	0	0
0	29	0	+	1	7	7	G	G	-	-	3	0	12711	3	0	0	1123	0	0	0	90	0	0	0	1	0	0	0	0	0	0	0	0	0	0	0	0	0
0	29	0	+	1	8	8	G	G	-	-	1	0	12715	3	0	0	1125	0	0	0	90	0	0	0	1	0	0	0	0	0	0	0	0	0	0	0	0	0
0	29	0	+	1	9	9	A	A	-	-	12716	0	2	2	1126	0	0	0	90	0	0	0	1	0	0	0	0	0	0	0	0	0	0	0	0	0	0	0
0	29	0	+	1	10	10	A	A	-	-	12718	0	2	0	1126	0	0	0	90	0	0	0	1	0	0	0	0	0	0	0	0	0	0	0	0	0	0	0
0	29	0	+	1	11	11	A	A	-	-	12716	1	0	3	1126	0	0	0	90	0	0	0	1	0	0	0	0	0	0	0	0	0	0	0	0	0	0	0
0	29	0	+	1	12	12	C	C	-	-	1	12716	0	3	0	1126	0	0	0	90	0	0	0	1	0	0	0	0	0	0	0	0	0	0	0	0	0	0
0	29	0	+	1	13	13	T	T	-	-	2	0	3	12715	0	0	0	1126	0	0	0	90	0	0	0	1	0	0	0	0	0	0	0	0	0	0	0	0
0	29	0	+	1	14	14	C	C	-	-	4	12712	0	2	0	1124	0	0	0	90	0	0	0	1	0	0	0	0	0	0	0	0	0	0	0	0	0	0
0	29	0	+	1	15	15	A	A	-	-	12708	4	5	2	1125	0	0	0	90	0	0	0	1	0	0	0	0	0	0	0	0	0	0	0	0	0	0	0
0	29	0	+	1	16	16	G	G	-	-	3	0	12711	5	0	0	1124	1	0	0	90	0	0	0	1	0	0	0	0	0	0	0	0	0	0	0	0	0
0	29	0	+	1	17	17	T	T	-	-	5	14	7	12690	0	0	0	1122	0	0	0	90	0	0	0	1	0	0	0	0	0	0	0	0	0	0	0	0
0	29	0	+	1	18	18	A	A	-	-	12714	2	2	1	1125	0	0	0	90	0	0	0	1	0	0	0	0	0	0	0	0	0	0	0	0	0	0	0
0	29	0	+	1	19	19	C	C	-	-	0	12719	0	0	0	1125	0	0	0	90	0	0	0	1	0	0	0	0	0	0	0	0	0	0	0	0	0	0
0	29	0	+	1	20	20	A	A	-	-	12718	0	0	1	1125	0	0	0	90	0	0	0	1	0	0	0	0	0	0	0	0	0	0	0	0	0	0	0
0	29	0	+	1	21	21	T	T	-	-	1	2	0	12717	0	0	0	1126	0	0	0	90	0	0	0	1	0	0	0	0	0	0	0	0	0	0	0	0
0	29	0	+	1	22	22	A	A	-	-	12712	2	4	1	1125	0	0	0	90	0	0	0	1	0	0	0	0	0	0	0	0	0	0	0	0	0	0	0
0	29	0	+	1	23	23	T	T	-	-	0	0	0	12720	0	0	0	1126	0	0	0	90	0	0	0	1	0	0	0	0	0	0	0	0	0	0	0	0
0	29	0	+	1	24	24	G	G	-	-	2	0	12712	4	0	0	1124	0	0	0	89	0	0	0	1	0	0	0	0	0	0	0	0	0	0	0	0	0
0	29	0	+	1	25	25	G	G	-	-	3	0	12715	2	0	0	1126	0	0	0	90	0	0	0	1	0	0	0	0	0	0	0	0	0	0	0	0	0
0	29	0	+	1	26	26	G	G	-	-	1	0	12714	4	0	0	1125	0	0	0	90	0	0	0	1	0	0	0	0	0	0	0	0	0	0	0	0	0
0	29	0	+	1	27	27	A	A	-	-	12712	2	3	2	1125	0	0	0	90	0	0	0	1	0	0	0	0	0	0	0	0	0	0	0	0	0	0	0
0	29	0	+	1	28	28	G	G	-	-	0	0	12717	3	0	0	1126	0	0	0	90	0	0	0	1	0	0	0	0	0	0	0	0	0	0	0	0	0
0	29	0	+	1	29	29	A	A	-	-	12714	1	0	1	1122	0	0	0	90	0	0	0	1	0	0	0	0	0	0	0	0	0	0	0	0	0	0	0
0	29	0	+	1	30	30	A	A	-	-	12708	3	4	1	1122	0	0	0	89	0	0	0	1	0	0	0	0	0	0	0	0	0	0	0	0	0	0	0
0	29	0	+	1	31	31	G	G	-	-	1	0	12711	6	0	0	1124	0	0	0	90	0	0	0	1	0	0	0	0	0	0	0	0	0	0	0	0	0
0	29	0	+	1	32	32	G	G	-	-	3	1	12710	3	0	0	1123	0	0	0	90	0	0	0	1	0	0	0	0	0	0	0	0	0	0	0	0	0
0	29	0	+	1	33	33	C	C	-	-	1	12709	1	7	0	1124	0	0	0	90	0	0	0	1	0	0	0	0	0	0	0	0	0	0	0	0	0	0
0	29	0	+	1	34	34	A	A	-	-	12714	1	5	0	1126	0	0	0	90	0	0	0	1	0	0	0	0	0	0	0	0	0	0	0	0	0	0	0
0	29	0	+	1	35	35	A	A	-	-	12719	0	1	0	1126	0	0	0	90	0	0	0	1	0	0	0	0	0	0	0	0	0	0	0	0	0	0	0
0	29	0	+	1	36	36	T	T	-	-	0	3	0	12717	0	0	0	1126	0	0	0	90	0	0	0	1	0	0	0	0	0	0	0	0	0	0	0	0
0	29	0	+	1	37	37	G	G	-	-	3	0	12715	1	1	0	1124	0	0	0	90	0	0	0	1	0	0	0	0	0	0	0	0	0	0	0	0	0
0	29	0	+	2	0	37	C	G	-	-	1	12715	0	3	0	1124	0	1	0	90	0	0	0	1	0	0	0	0	0	0	0	0	0	0	0	0	0	0
0	29	0	+	2	1	36	A	T	-	-	12717	1	2	0	1126	0	0	0	90	0	0	0	1	0	0	0	0	0	0	0	0	0	0	0	0	0	0	0
0	29	0	+	2	2	35	T	A	-	-	0	0	0	12720	0	0	0	1126	0	0	0	90	0	0	0	1	0	0	0	0	0	0	0	0	0	0	0	0
0	29	0	+	2	3	34	T	A	-	-	0	5	0	12715	0	0	0	1126	0	0	0	90	0	0	0	1	0	0	0	0	0	0	0	0	0	0	0	0
0	29	0	+	2	4	33	G	C	-	-	7	1	12705	6	0	0	1125	0	0	0	90	0	0	0	1	0	0	0	0	0	0	0	0	0	0	0	0	0
0	29	0	+	2	5	32	C	G	-	-	2	12710	2	4	0	1124	0	0	0	90	0	0	0	1	0	0	0	0	0	0	0	0	0	0	0	0	0	0
0	29	0	+	2	6	31	C	G	-	-	5	12713	0	2	0	1126	0	0	0	90	0	0	0	1	0	0	0	0	0	0	0	0	0	0	0	0	0	0
0	29	0	+	2	7	30	T	A	-	-	1	3	1	12712	0	0	0	1123	0	0	0	89	0	0	0	1	0	0	0	0	0	0	0	0	0	0	0	0
0	29	0	+	2	8	29	T	A	-	-	0	0	0	12719	0	0	0	1125	0	0	0	90	0	0	0	1	0	0	0	0	0	0	0	0	0	0	0	0
0	29	0	+	2	9	28	C	G	-	-	2	12717	0	1	0	1126	0	0	0	90	0	0	0	1	0	0	0	0	0	0	0	0	0	0	0	0	0	0
0	29	0	+	2	10	27	T	A	-	-	1	3	0	12716	0	0	0	1126	0	0	0	90	0	0	0	1	0	0	0	0	0	0	0	0	0	0	0	0
0	29	0	+	2	11	26	C	G	-	-	1	12715	0	1	0	1123	0	0	0	90	0	0	0	1	0	0	0	0	0	0	0	0	0	0	0	0	0	0
0	29	0	+	2	12	25	C	G	-	-	4	12710	0	5	0	1125	0	0	0	90	0	0	0	1	0	0	0	0	0	0	0	0	0	0	0	0	0	0
0	29	0	+	2	13	24	C	G	-	-	5	12709	0	3	0	1123	0	0	0	89	0	0	0	1	0	0	0	0	0	0	0	0	0	0	0	0	0	0
0	29	0	+	2	14	23	A	T	-	-	12718	1	0	0	1125	0	0	0	90	0	0	0	1	0	0	0	0	0	0	0	0	0	0	0	0	0	0	0
0	29	0	+	2	15	22	T	A	-	-	8	3	3	12706	0	0	0	1126	0	0	0	90	0	0	0	1	0	0	0	0	0	0	0	0	0	0	0	0
0	29	0	+	2	16	21	A	T	-	-	12717	0	2	1	1126	0	0	0	90	0	0	0	1	0	0	0	0	0	0	0	0	0	0	0	0	0	0	0
0	29	0	+	2	17	20	T	A	-	-	18	9	18	12663	0	0	0	1114	0	0	0	90	0	0	0	1	0	0	0	0	0	0	0	0	0	0	0	0
0	29	0	+	2	18	19	G	C	-	-	0	0	12715	3	0	0	1124	0	0	0	90	0	0	0	1	0	0	0	0	0	0	0	0	0	0	0	0	0
0	29	0	+	2	19	18	T	A	-	-	12	15	8	12676	0	0	0	1117	0	0	0	90	0	0	0	1	0	0	0	0	0	0	0	0	0	0	0	0
0	29	0	+	2	20	17	A	T	-	-	12714	1	2	3	1126	0	0	0	90	0	0	0	1	0	0	0	0	0	0	0	0	0	0	0	0	0	0	0
0	29	0	+	2	21	16	C	G	-	-	7	12708	1	3	1	1124	0	0	0	90	0	0	0	1	0	0	0	0	0	0	0	0	0	0	0	0	0	0
0	29	0	+	2	22	15	T	A	-	-	1	4	1	12713	0	0	0	1125	0	0	0	90	0	0	0	1	0	0	0	0	0	0	0	0	0	0	0	0
0	29	0	+	2	23	14	G	C	-	-	0	0	12717	2	0	0	1125	0	0	0	90	0	0	0	1	0	0	0	0	0	0	0	0	0	0	0	0	0
0	29	0	+	2	24	13	A	T	-	-	12705	5	1	6	1123	0	0	0	90	0	0	0	1	0	0	0	0	0	0	0	0	0	0	0	0	0	0	0
0	29	0	+	2	25	12	G	C	-	-	3	0	12714	2	0	0	1125	0	0	0	90	0	0	0	1	0	0	0	0	0	0	0	0	0	0	0	0	0
0	29	0	+	2	26	11	T	A	-	-	9	6	6	12697	0	0	0	1124	0	0	0	90	0	0	0	1	0	0	0	0	0	0	0	0	0	0	0	0
0	29	0	+	2	27	10	T	A	-	-	0	3	0	12717	0	0	0	1126	0	0	0	90	0	0	0	1	0	0	0	0	0	0	0	0	0	0	0	0
0	29	0	+	2	28	9	T	A	-	-	2	2	0	12716	0	0	0	1126	0	0	0	90	0	0	0	1	0	0	0	0	0	0	0	0	0	0	0	0
0	29	0	+	2	29	8	C	G	-	-	2	12716	0	2	0	1126	0	0	0	90	0	0	0	1	0	0	0	0	0	0	0	0	0	0	0	0	0	0
0	29	0	+	2	30	7	C	G	-	-	5	12710	0	2	0	1123	0	0	0	90	0	0	0	1	0	0	0	0	0	0	0	0	0	0	0	0	0	0
0	29	0	+	2	31	6	A	T	-	-	12715	0	3	1	1125	0	0	0	90	0	0	0	1	0	0	0	0	0	0	0	0	0	0	0	0	0	0	0
2	29	0	+	2	32	5	G	C	T	A	0	0	12699	19	0	0	1124	0	0	0	90	0	0	0	1	0	0	0	0	0	0	0	0	0	0	0	0	0
0	29	0	+	2	33	4	A	T	-	-	12716	0	1	1	1124	0	0	0	90	0	0	0	1	0	0	0	0	0	0	0	0	0	0	0	0	0	0	0
0	29	0	+	2	34	3	A	T	-	-	12716	3	1	0	1126	0	0	0	90	0	0	0	1	0	0	0	0	0	0	0	0	0	0	0	0	0	0	0
0	29	0	+	2	35	2	T	A	-	-	2	0	0	12718	0	0	0	1126	0	0	0	90	0	0	0	1	0	0	0	0	0	0	0	0	0	0	0	0
0	29	0	+	2	36	1	T	A	-	-	3	1	2	12712	0	0	0	1124	0	0	0	90	0	0	0	1	0	0	0	0	0	0	0	0	0	0	0	0
0	29	0	+	2	37	0	T	A	-	-	0	0	3	12717	0	0	0	1126	0	0	0	90	0	0	0	1	0	0	0	0	0	0	0	0	0	0	0	0
