target_base	locus_index	reference_index	target_strand	read_index	read_pos	template_pos	expected_read_base	expected_template_base	variant_read_base	variant_template_base	A1	C1	G1	T1	A2	C2	G2	T2	A3	C3	G3	T3	A5	C5	G5	T5	A10	C10	G10	T10	A15	C15	G15	T15	A20	C20	G20	T20
0	21	0	+	1	0	0	T	T	-	-	1	2	1	7317	0	0	0	717	0	0	0	67	0	0	0	0	0	0	0	0	0	0	0	0	0	0	0	0
2	21	0	+	1	1	1	C	C	G	G	1	7314	6	1	0	716	2	0	0	67	0	0	0	0	0	0	0	0	0	0	0	0	0	0	0	0	0	0
0	21	0	+	1	2	2	A	A	-	-	7318	2	1	1	718	0	0	0	67	0	0	0	0	0	0	0	0	0	0	0	0	0	0	0	0	0	0	0
0	21	0	+	1	3	3	C	C	-	-	1	7318	0	3	0	718	0	0	0	67	0	0	0	0	0	0	0	0	0	0	0	0	0	0	0	0	0	0
0	21	0	+	1	4	4	T	T	-	-	1	1	0	7319	0	0	0	717	0	0	0	67	0	0	0	0	0	0	0	0	0	0	0	0	0	0	0	0
0	21	0	+	1	5	5	G	G	-	-	1	1	7320	0	0	0	718	0	0	0	67	0	0	0	0	0	0	0	0	0	0	0	0	0	0	0	0	0
0	21	0	+	1	6	6	C	C	-	-	0	7321	0	1	0	718	0	0	0	67	0	0	0	0	0	0	0	0	0	0	0	0	0	0	0	0	0	0
0	21	0	+	1	7	7	A	A	-	-	7322	0	0	0	718	0	0	0	67	0	0	0	0	0	0	0	0	0	0	0	0	0	0	0	0	0	0	0
0	21	0	+	1	8	8	A	A	-	-	7322	0	0	0	718	0	0	0	67	0	0	0	0	0	0	0	0	0	0	0	0	0	0	0	0	0	0	0
0	21	0	+	1	9	9	G	G	-	-	0	0	7322	0	0	0	718	0	0	0	67	0	0	0	0	0	0	0	0	0	0	0	0	0	0	0	0	0
0	21	0	+	1	10	10	C	C	-	-	0	7321	0	1	0	718	0	0	0	67	0	0	0	0	0	0	0	0	0	0	0	0	0	0	0	0	0	0
0	21	0	+	1	11	11	A	A	-	-	7319	0	1	1	717	0	0	0	67	0	0	0	0	0	0	0	0	0	0	0	0	0	0	0	0	0	0	0
0	21	0	+	1	12	12	G	G	-	-	0	0	7320	2	0	0	718	0	0	0	67	0	0	0	0	0	0	0	0	0	0	0	0	0	0	0	0	0
0	21	0	+	1	13	13	G	G	-	-	1	0	7318	3	0	0	718	0	0	0	67	0	0	0	0	0	0	0	0	0	0	0	0	0	0	0	0	0
0	21	0	+	1	14	14	G	G	-	-	0	1	7321	0	0	0	718	0	0	0	67	0	0	0	0	0	0	0	0	0	0	0	0	0	0	0	0	0
0	21	0	+	1	15	15	G	G	-	-	7	3	6547	636	0	0	580	9	0	0	52	0	0	0	0	0	0	0	0	0	0	0	0	0	0	0	0	0
0	21	0	+	1	16	16	T	T	-	-	2	18	9	7286	0	0	0	711	0	0	0	67	0	0	0	0	0	0	0	0	0	0	0	0	0	0	0	0
0	21	0	+	1	17	17	G	G	-	-	0	0	7322	0	0	0	718	0	0	0	67	0	0	0	0	0	0	0	0	0	0	0	0	0	0	0	0	0
0	21	0	+	1	18	18	G	G	-	-	0	0	7319	1	0	0	716	0	0	0	66	0	0	0	0	0	0	0	0	0	0	0	0	0	0	0	0	0
0	21	0	+	1	19	19	T	T	-	-	8	12	6	7289	0	0	0	711	0	0	0	67	0	0	0	0	0	0	0	0	0	0	0	0	0	0	0	0
0	21	0	+	1	20	20	G	G	-	-	1	0	7317	2	0	0	716	0	0	0	67	0	0	0	0	0	0	0	0	0	0	0	0	0	0	0	0	0
0	21	0	+	1	21	21	T	T	-	-	0	6	0	7315	0	0	0	717	0	0	0	67	0	0	0	0	0	0	0	0	0	0	0	0	0	0	0	0
0	21	0	+	1	22	22	G	G	-	-	4	0	7314	3	0	0	717	0	0	0	67	0	0	0	0	0	0	0	0	0	0	0	0	0	0	0	0	0
0	21	0	+	1	23	23	C	C	-	-	0	7319	0	3	0	718	0	0	0	67	0	0	0	0	0	0	0	0	0	0	0	0	0	0	0	0	0	0
0	21	0	+	1	24	24	A	A	-	-	7321	1	0	0	718	0	0	0	67	0	0	0	0	0	0	0	0	0	0	0	0	0	0	0	0	0	0	0
0	21	0	+	1	25	25	C	C	-	-	2	7317	1	2	0	718	0	0	0	67	0	0	0	0	0	0	0	0	0	0	0	0	0	0	0	0	0	0
0	21	0	+	1	26	26	C	C	-	-	0	7320	0	2	0	718	0	0	0	67	0	0	0	0	0	0	0	0	0	0	0	0	0	0	0	0	0	0
0	21	0	+	1	27	27	A	A	-	-	7319	1	1	0	717	0	0	0	67	0	0	0	0	0	0	0	0	0	0	0	0	0	0	0	0	0	0	0
0	21	0	+	1	28	28	G	G	-	-	0	0	7320	1	0	0	717	0	0	0	67	0	0	0	0	0	0	0	0	0	0	0	0	0	0	0	0	0
0	21	0	+	1	29	29	T	T	-	-	4	5	0	7313	0	0	0	718	0	0	0	67	0	0	0	0	0	0	0	0	0	0	0	0	0	0	0	0
0	21	0	+	1	30	30	T	T	-	-	0	2	0	7320	0	0	0	718	0	0	0	67	0	0	0	0	0	0	0	0	0	0	0	0	0	0	0	0
0	21	0	+	1	31	31	C	C	-	-	2	7318	0	1	0	717	0	0	0	67	0	0	0	0	0	0	0	0	0	0	0	0	0	0	0	0	0	0
0	21	0	+	1	32	32	C	C	-	-	1	7320	0	0	0	717	0	0	0	67	0	0	0	0	0	0	0	0	0	0	0	0	0	0	0	0	0	0
0	21	0	+	1	33	33	A	A	-	-	7322	0	0	0	718	0	0	0	67	0	0	0	0	0	0	0	0	0	0	0	0	0	0	0	0	0	0	0
0	21	0	+	1	34	34	T	T	-	-	0	1	0	7320	0	0	0	717	0	0	0	67	0	0	0	0	0	0	0	0	0	0	0	0	0	0	0	0
0	21	0	+	1	35	35	T	T	-	-	2	2	0	7317	0	0	0	717	0	0	0	66	0	0	0	0	0	0	0	0	0	0	0	0	0	0	0	0
0	21	0	+	1	36	36	G	G	-	-	4	0	7315	3	0	0	718	0	0	0	67	0	0	0	0	0	0	0	0	0	0	0	0	0	0	0	0	0
0	21	0	+	1	37	37	A	A	-	-	7321	1	0	0	718	0	0	0	67	0	0	0	0	0	0	0	0	0	0	0	0	0	0	0	0	0	0	0
0	21	0	+	1	38	38	C	C	-	-	0	7322	0	0	0	718	0	0	0	67	0	0	0	0	0	0	0	0	0	0	0	0	0	0	0	0	0	0
0	21	0	+	1	39	39	A	A	-	-	7322	0	0	0	718	0	0	0	67	0	0	0	0	0	0	0	0	0	0	0	0	0	0	0	0	0	0	0
0	21	0	+	1	40	40	A	A	-	-	7318	1	1	1	717	0	0	0	67	0	0	0	0	0	0	0	0	0	0	0	0	0	0	0	0	0	0	0
0	21	0	+	1	41	41	C	C	-	-	1	7317	0	2	0	716	0	0	0	67	0	0	0	0	0	0	0	0	0	0	0	0	0	0	0	0	0	0
0	21	0	+	1	42	42	A	A	-	-	7322	0	0	0	718	0	0	0	67	0	0	0	0	0	0	0	0	0	0	0	0	0	0	0	0	0	0	0
0	21	0	+	1	43	43	A	A	-	-	7321	0	0	1	718	0	0	0	67	0	0	0	0	0	0	0	0	0	0	0	0	0	0	0	0	0	0	0
0	21	0	+	1	44	44	T	T	-	-	1	0	1	7320	0	0	0	718	0	0	0	67	0	0	0	0	0	0	0	0	0	0	0	0	0	0	0	0
0	21	0	+	1	45	45	A	A	-	-	7316	0	5	0	717	0	0	0	67	0	0	0	0	0	0	0	0	0	0	0	0	0	0	0	0	0	0	0
0	21	0	+	1	46	46	G	G	-	-	1	0	7318	2	0	0	717	0	0	0	67	0	0	0	0	0	0	0	0	0	0	0	0	0	0	0	0	0
0	21	0	+	2	0	46	C	G	-	-	2	7318	0	2	0	718	0	0	0	67	0	0	0	0	0	0	0	0	0	0	0	0	0	0	0	0	0	0
0	21	0	+	2	1	45	T	A	-	-	0	5	0	7316	0	0	0	717	0	0	0	67	0	0	0	0	0	0	0	0	0	0	0	0	0	0	0	0
0	21	0	+	2	2	44	A	T	-	-	7319	2	0	1	718	0	0	0	67	0	0	0	0	0	0	0	0	0	0	0	0	0	0	0	0	0	0	0
0	21	0	+	2	3	43	T	A	-	-	1	0	0	7321	0	0	0	718	0	0	0	67	0	0	0	0	0	0	0	0	0	0	0	0	0	0	0	0
0	21	0	+	2	4	42	T	A	-	-	0	0	1	7321	0	0	0	718	0	0	0	67	0	0	0	0	0	0	0	0	0	0	0	0	0	0	0	0
0	21	0	+	2	5	41	G	C	-	-	2	0	7319	1	0	0	718	0	0	0	67	0	0	0	0	0	0	0	0	0	0	0	0	0	0	0	0	0
0	21	0	+	2	6	40	T	A	-	-	4	1	0	7315	0	0	0	716	0	0	0	67	0	0	0	0	0	0	0	0	0	0	0	0	0	0	0	0
0	21	0	+	2	7	39	T	A	-	-	0	0	0	7322	0	0	0	718	0	0	0	67	0	0	0	0	0	0	0	0	0	0	0	0	0	0	0	0
0	21	0	+	2	8	38	G	C	-	-	0	0	7322	0	0	0	718	0	0	0	67	0	0	0	0	0	0	0	0	0	0	0	0	0	0	0	0	0
0	21	0	+	2	9	37	T	A	-	-	0	0	0	7322	0	0	0	718	0	0	0	67	0	0	0	0	0	0	0	0	0	0	0	0	0	0	0	0
0	21	0	+	2	10	36	C	G	-	-	2	7317	0	3	0	718	0	0	0	67	0	0	0	0	0	0	0	0	0	0	0	0	0	0	0	0	0	0
0	21	0	+	2	11	35	A	T	-	-	7319	0	2	0	717	0	0	0	66	0	0	0	0	0	0	0	0	0	0	0	0	0	0	0	0	0	0	0
0	21	0	+	2	12	34	A	T	-	-	7321	0	0	0	717	0	0	0	67	0	0	0	0	0	0	0	0	0	0	0	0	0	0	0	0	0	0	0
0	21	0	+	2	13	33	T	A	-	-	0	0	0	7321	0	0	0	717	0	0	0	67	0	0	0	0	0	0	0	0	0	0	0	0	0	0	0	0
0	21	0	+	2	14	32	G	C	-	-	1	0	7319	1	0	0	717	0	0	0	67	0	0	0	0	0	0	0	0	0	0	0	0	0	0	0	0	0
0	21	0	+	2	15	31	G	C	-	-	0	0	7319	2	0	0	717	0	0	0	67	0	0	0	0	0	0	0	0	0	0	0	0	0	0	0	0	0
0	21	0	+	2	16	30	A	T	-	-	7320	0	2	0	718	0	0	0	67	0	0	0	0	0	0	0	0	0	0	0	0	0	0	0	0	0	0	0
0	21	0	+	2	17	29	A	T	-	-	7319	0	2	0	717	0	0	0	67	0	0	0	0	0	0	0	0	0	0	0	0	0	0	0	0	0	0	0
0	21	0	+	2	18	28	C	G	-	-	1	7320	0	0	0	717	0	0	0	67	0	0	0	0	0	0	0	0	0	0	0	0	0	0	0	0	0	0
0	21	0	+	2	19	27	T	A	-	-	0	1	1	7320	0	0	0	718	0	0	0	67	0	0	0	0	0	0	0	0	0	0	0	0	0	0	0	0
0	21	0	+	2	20	26	G	C	-	-	2	0	7320	0	0	0	718	0	0	0	67	0	0	0	0	0	0	0	0	0	0	0	0	0	0	0	0	0
0	21	0	+	2	21	25	G	C	-	-	3	1	7316	2	0	0	718	0	0	0	67	0	0	0	0	0	0	0	0	0	0	0	0	0	0	0	0	0
0	21	0	+	2	22	24	T	A	-	-	12	3	2	7301	0	0	0	714	0	0	0	67	0	0	0	0	0	0	0	0	0	0	0	0	0	0	0	0
0	21	0	+	2	23	23	G	C	-	-	3	0	7319	0	0	0	718	0	0	0	67	0	0	0	0	0	0	0	0	0	0	0	0	0	0	0	0	0
0	21	0	+	2	24	22	C	G	-	-	3	7313	0	5	0	717	0	0	0	67	0	0	0	0	0	0	0	0	0	0	0	0	0	0	0	0	0	0
0	21	0	+	2	25	21	A	T	-	-	7318	2	2	0	718	0	0	0	67	0	0	0	0	0	0	0	0	0	0	0	0	0	0	0	0	0	0	0
0	21	0	+	2	26	20	C	G	-	-	3	7317	0	1	0	717	0	0	0	67	0	0	0	0	0	0	0	0	0	0	0	0	0	0	0	0	0	0
0	21	0	+	2	27	19	A	T	-	-	7319	0	2	0	717	0	0	0	67	0	0	0	0	0	0	0	0	0	0	0	0	0	0	0	0	0	0	0
0	21	0	+	2	28	18	C	G	-	-	0	7320	0	0	0	716	0	0	0	66	0	0	0	0	0	0	0	0	0	0	0	0	0	0	0	0	0	0
0	21	0	+	2	29	17	C	G	-	-	0	7321	0	0	0	717	0	0	0	67	0	0	0	0	0	0	0	0	0	0	0	0	0	0	0	0	0	0
0	21	0	+	2	30	16	A	T	-	-	7321	0	1	0	718	0	0	0	67	0	0	0	0	0	0	0	0	0	0	0	0	0	0	0	0	0	0	0
0	21	0	+	2	31	15	C	G	-	-	2	7318	0	2	0	718	0	0	0	67	0	0	0	0	0	0	0	0	0	0	0	0	0	0	0	0	0	0
0	21	0	+	2	32	14	C	G	-	-	1	7320	1	0	0	718	0	0	0	67	0	0	0	0	0	0	0	0	0	0	0	0	0	0	0	0	0	0
0	21	0	+	2	33	13	C	G	-	-	2	7318	0	1	0	717	0	0	0	67	0	0	0	0	0	0	0	0	0	0	0	0	0	0	0	0	0	0
0	21	0	+	2	34	12	C	G	-	-	2	7320	0	0	0	718	0	0	0	67	0	0	0	0	0	0	0	0	0	0	0	0	0	0	0	0	0	0
0	21	0	+	2	35	11	T	A	-	-	1	2	0	7319	0	0	0	718	0	0	0	67	0	0	0	0	0	0	0	0	0	0	0	0	0	0	0	0
0	21	0	+	2	36	10	G	C	-	-	1	0	7321	0	0	0	718	0	0	0	67	0	0	0	0	0	0	0	0	0	0	0	0	0	0	0	0	0
0	21	0	+	2	37	9	C	G	-	-	0	7322	0	0	0	718	0	0	0	67	0	0	0	0	0	0	0	0	0	0	0	0	0	0	0	0	0	0
0	21	0	+	2	38	8	T	A	-	-	0	0	0	7322	0	0	0	718	0	0	0	67	0	0	0	0	0	0	0	0	0	0	0	0	0	0	0	0
0	21	0	+	2	39	7	T	A	-	-	0	2	0	7320	0	0	0	718	0	0	0	67	0	0	0	0	0	0	0	0	0	0	0	0	0	0	0	0
0	21	0	+	2	40	6	G	C	-	-	4	0	7286	26	0	0	712	0	0	0	66	0	0	0	0	0	0	0	0	0	0	0	0	0	0	0	0	0
0	21	0	+	2	41	5	C	G	-	-	0	7320	1	1	0	718	0	0	0	67	0	0	0	0	0	0	0	0	0	0	0	0	0	0	0	0	0	0
0	21	0	+	2	42	4	A	T	-	-	7317	2	1	1	717	0	0	0	67	0	0	0	0	0	0	0	0	0	0	0	0	0	0	0	0	0	0	0
0	21	0	+	2	43	3	G	C	-	-	3	0	7318	1	0	0	718	0	0	0	67	0	0	0	0	0	0	0	0	0	0	0	0	0	0	0	0	0
0	21	0	+	2	44	2	T	A	-	-	7	7	5	7299	0	0	0	714	0	0	0	67	0	0	0	0	0	0	0	0	0	0	0	0	0	0	0	0
2	21	0	+	2	45	1	G	C	C	G	1	7	7311	3	0	2	716	0	0	0	67	0	0	0	0	0	0	0	0	0	0	0	0	0	0	0	0	0
0	21	0	+	2	46	0	A	T	-	-	7319	0	1	1	717	0	0	0	67	0	0	0	0	0	0	0	0	0	0	0	0	0	0	0	0	0	0	0
