target_base	locus_index	reference_index	target_strand	read_index	read_pos	template_pos	expected_read_base	expected_template_base	variant_read_base	variant_template_base	A1	C1	G1	T1	A2	C2	G2	T2	A3	C3	G3	T3	A5	C5	G5	T5	A10	C10	G10	T10	A15	C15	G15	T15	A20	C20	G20	T20
0	13	0	+	1	0	0	G	G	-	-	7	1	11818	5	0	0	952	0	0	0	51	0	0	0	0	0	0	0	0	0	0	0	0	0	0	0	0	0
0	13	0	+	1	1	1	C	C	-	-	4	11826	0	2	0	953	0	0	0	52	0	0	0	0	0	0	0	0	0	0	0	0	0	0	0	0	0	0
0	13	0	+	1	2	2	T	T	-	-	20	5	4	11795	0	0	0	945	0	0	0	51	0	0	0	0	0	0	0	0	0	0	0	0	0	0	0	0
0	13	0	+	1	3	3	G	G	-	-	3	0	11826	3	0	0	953	0	0	0	52	0	0	0	0	0	0	0	0	0	0	0	0	0	0	0	0	0
0	13	0	+	1	4	4	T	T	-	-	2	1	3	11825	0	0	0	952	0	0	0	51	0	0	0	0	0	0	0	0	0	0	0	0	0	0	0	0
0	13	0	+	1	5	5	A	A	-	-	11829	0	1	2	953	0	0	0	52	0	0	0	0	0	0	0	0	0	0	0	0	0	0	0	0	0	0	0
0	13	0	+	1	6	6	C	C	-	-	0	11829	0	3	0	953	0	0	0	52	0	0	0	0	0	0	0	0	0	0	0	0	0	0	0	0	0	0
0	13	0	+	1	7	7	T	T	-	-	1	0	2	11828	0	0	0	952	0	0	0	52	0	0	0	0	0	0	0	0	0	0	0	0	0	0	0	0
0	13	0	+	1	8	8	A	A	-	-	11830	0	2	0	953	0	0	0	52	0	0	0	0	0	0	0	0	0	0	0	0	0	0	0	0	0	0	0
2	13	0	+	1	9	9	A	A	T	T	11816	1	1	14	951	0	0	2	51	0	0	1	0	0	0	0	0	0	0	0	0	0	0	0	0	0	0	0
0	13	0	+	1	10	10	T	T	-	-	0	0	0	11832	0	0	0	953	0	0	0	52	0	0	0	0	0	0	0	0	0	0	0	0	0	0	0	0
0	13	0	+	1	11	11	G	G	-	-	2	3	11817	9	0	0	952	0	0	0	52	0	0	0	0	0	0	0	0	0	0	0	0	0	0	0	0	0
0	13	0	+	1	12	12	G	G	-	-	2	0	11828	0	0	0	951	0	0	0	52	0	0	0	0	0	0	0	0	0	0	0	0	0	0	0	0	0
0	13	0	+	1	13	13	T	T	-	-	5	13	2	11804	0	0	0	945	0	0	0	52	0	0	0	0	0	0	0	0	0	0	0	0	0	0	0	0
0	13	0	+	1	14	14	T	T	-	-	0	4	0	11828	0	0	0	953	0	0	0	52	0	0	0	0	0	0	0	0	0	0	0	0	0	0	0	0
0	13	0	+	1	15	15	C	C	-	-	4	11827	0	1	0	953	0	0	0	52	0	0	0	0	0	0	0	0	0	0	0	0	0	0	0	0	0	0
0	13	0	+	1	16	16	A	A	-	-	11828	1	3	0	953	0	0	0	52	0	0	0	0	0	0	0	0	0	0	0	0	0	0	0	0	0	0	0
0	13	0	+	1	17	17	A	A	-	-	11831	1	0	0	953	0	0	0	52	0	0	0	0	0	0	0	0	0	0	0	0	0	0	0	0	0	0	0
0	13	0	+	1	18	18	A	A	-	-	11830	0	2	0	953	0	0	0	52	0	0	0	0	0	0	0	0	0	0	0	0	0	0	0	0	0	0	0
0	13	0	+	1	19	19	C	C	-	-	0	11832	0	0	0	953	0	0	0	52	0	0	0	0	0	0	0	0	0	0	0	0	0	0	0	0	0	0
0	13	0	+	1	20	20	C	C	-	-	1	11829	0	1	0	952	0	0	0	52	0	0	0	0	0	0	0	0	0	0	0	0	0	0	0	0	0	0
0	13	0	+	1	21	21	T	T	-	-	0	1	0	11831	0	0	0	953	0	0	0	52	0	0	0	0	0	0	0	0	0	0	0	0	0	0	0	0
0	13	0	+	1	22	22	A	A	-	-	11832	0	0	0	953	0	0	0	52	0	0	0	0	0	0	0	0	0	0	0	0	0	0	0	0	0	0	0
0	13	0	+	1	23	23	C	C	-	-	0	11831	0	0	0	952	0	0	0	52	0	0	0	0	0	0	0	0	0	0	0	0	0	0	0	0	0	0
0	13	0	+	1	24	24	C	C	-	-	4	11826	0	1	0	952	0	0	0	52	0	0	0	0	0	0	0	0	0	0	0	0	0	0	0	0	0	0
0	13	0	+	1	25	25	A	A	-	-	11822	8	1	0	952	0	0	0	52	0	0	0	0	0	0	0	0	0	0	0	0	0	0	0	0	0	0	0
0	13	0	+	1	26	26	T	T	-	-	0	1	0	11831	0	0	0	953	0	0	0	52	0	0	0	0	0	0	0	0	0	0	0	0	0	0	0	0
0	13	0	+	1	27	27	T	T	-	-	0	1	0	11830	0	0	0	952	0	0	0	52	0	0	0	0	0	0	0	0	0	0	0	0	0	0	0	0
0	13	0	+	1	28	28	T	T	-	-	0	2	0	11830	0	0	0	953	0	0	0	52	0	0	0	0	0	0	0	0	0	0	0	0	0	0	0	0
0	13	0	+	1	29	29	C	C	-	-	4	11827	0	0	0	952	0	0	0	52	0	0	0	0	0	0	0	0	0	0	0	0	0	0	0	0	0	0
0	13	0	+	1	30	30	T	T	-	-	0	2	0	11830	0	0	0	953	0	0	0	52	0	0	0	0	0	0	0	0	0	0	0	0	0	0	0	0
0	13	0	+	1	31	31	T	T	-	-	0	0	2	11830	0	0	0	953	0	0	0	52	0	0	0	0	0	0	0	0	0	0	0	0	0	0	0	0
0	13	0	+	1	32	32	C	C	-	-	0	11832	0	0	0	953	0	0	0	52	0	0	0	0	0	0	0	0	0	0	0	0	0	0	0	0	0	0
0	13	0	+	1	33	33	T	T	-	-	1	2	0	11828	0	0	0	952	0	0	0	51	0	0	0	0	0	0	0	0	0	0	0	0	0	0	0	0
0	13	0	+	1	34	34	G	G	-	-	0	2	11826	4	0	0	953	0	0	0	52	0	0	0	0	0	0	0	0	0	0	0	0	0	0	0	0	0
0	13	0	+	1	35	35	A	A	-	-	11829	0	0	2	952	0	0	0	52	0	0	0	0	0	0	0	0	0	0	0	0	0	0	0	0	0	0	0
0	13	0	+	1	36	36	T	T	-	-	0	2	1	11829	0	0	0	953	0	0	0	52	0	0	0	0	0	0	0	0	0	0	0	0	0	0	0	0
0	13	0	+	1	37	37	T	T	-	-	1	1	4	11826	0	0	0	953	0	0	0	52	0	0	0	0	0	0	0	0	0	0	0	0	0	0	0	0
0	13	0	+	1	38	38	G	G	-	-	0	0	11827	4	0	0	952	0	0	0	52	0	0	0	0	0	0	0	0	0	0	0	0	0	0	0	0	0
0	13	0	+	1	39	39	G	G	-	-	4	0	11825	1	0	0	951	0	0	0	52	0	0	0	0	0	0	0	0	0	0	0	0	0	0	0	0	0
0	13	0	+	1	40	40	T	T	-	-	1	5	1	11825	0	0	0	953	0	0	0	52	0	0	0	0	0	0	0	0	0	0	0	0	0	0	0	0
0	13	0	+	1	41	41	C	C	-	-	5	11822	0	2	0	950	0	0	0	52	0	0	0	0	0	0	0	0	0	0	0	0	0	0	0	0	0	0
0	13	0	+	1	42	42	A	A	-	-	11830	0	0	1	952	0	0	0	52	0	0	0	0	0	0	0	0	0	0	0	0	0	0	0	0	0	0	0
0	13	0	+	1	43	43	A	A	-	-	11830	0	0	1	952	0	0	0	51	0	0	0	0	0	0	0	0	0	0	0	0	0	0	0	0	0	0	0
0	13	0	+	1	44	44	T	T	-	-	0	1	0	11831	0	0	0	953	0	0	0	52	0	0	0	0	0	0	0	0	0	0	0	0	0	0	0	0
0	13	0	+	2	0	44	A	T	-	-	11829	0	2	1	953	0	0	0	52	0	0	0	0	0	0	0	0	0	0	0	0	0	0	0	0	0	0	0
0	13	0	+	2	1	43	T	A	-	-	0	0	0	11832	0	0	0	953	0	0	0	52	0	0	0	0	0	0	0	0	0	0	0	0	0	0	0	0
0	13	0	+	2	2	42	T	A	-	-	0	1	0	11828	0	0	0	950	0	0	0	52	0	0	0	0	0	0	0	0	0	0	0	0	0	0	0	0
0	13	0	+	2	3	41	G	C	-	-	0	0	11825	4	0	0	950	0	0	0	52	0	0	0	0	0	0	0	0	0	0	0	0	0	0	0	0	0
0	13	0	+	2	4	40	A	T	-	-	11828	0	3	1	953	0	0	0	52	0	0	0	0	0	0	0	0	0	0	0	0	0	0	0	0	0	0	0
0	13	0	+	2	5	39	C	G	-	-	2	11823	1	4	0	951	0	0	0	51	0	0	0	0	0	0	0	0	0	0	0	0	0	0	0	0	0	0
0	13	0	+	2	6	38	C	G	-	-	5	11822	1	3	0	952	0	0	0	52	0	0	0	0	0	0	0	0	0	0	0	0	0	0	0	0	0	0
0	13	0	+	2	7	37	A	T	-	-	11830	0	1	1	953	0	0	0	52	0	0	0	0	0	0	0	0	0	0	0	0	0	0	0	0	0	0	0
0	13	0	+	2	8	36	A	T	-	-	11829	1	2	0	953	0	0	0	52	0	0	0	0	0	0	0	0	0	0	0	0	0	0	0	0	0	0	0
0	13	0	+	2	9	35	T	A	-	-	1	0	0	11831	0	0	0	953	0	0	0	52	0	0	0	0	0	0	0	0	0	0	0	0	0	0	0	0
0	13	0	+	2	10	34	C	G	-	-	4	11824	1	1	0	951	0	0	0	52	0	0	0	0	0	0	0	0	0	0	0	0	0	0	0	0	0	0
0	13	0	+	2	11	33	A	T	-	-	11825	2	3	1	952	0	0	0	51	0	0	0	0	0	0	0	0	0	0	0	0	0	0	0	0	0	0	0
0	13	0	+	2	12	32	G	C	-	-	0	0	11831	0	0	0	952	0	0	0	52	0	0	0	0	0	0	0	0	0	0	0	0	0	0	0	0	0
0	13	0	+	2	13	31	A	T	-	-	11829	3	0	0	953	0	0	0	52	0	0	0	0	0	0	0	0	0	0	0	0	0	0	0	0	0	0	0
0	13	0	+	2	14	30	A	T	-	-	11826	0	2	4	953	0	0	0	52	0	0	0	0	0	0	0	0	0	0	0	0	0	0	0	0	0	0	0
0	13	0	+	2	15	29	G	C	-	-	0	1	11827	3	0	0	952	0	0	0	52	0	0	0	0	0	0	0	0	0	0	0	0	0	0	0	0	0
0	13	0	+	2	16	28	A	T	-	-	11830	0	2	0	953	0	0	0	52	0	0	0	0	0	0	0	0	0	0	0	0	0	0	0	0	0	0	0
0	13	0	+	2	17	27	A	T	-	-	11826	1	2	1	951	0	0	0	52	0	0	0	0	0	0	0	0	0	0	0	0	0	0	0	0	0	0	0
0	13	0	+	2	18	26	A	T	-	-	11830	0	1	0	952	0	0	0	52	0	0	0	0	0	0	0	0	0	0	0	0	0	0	0	0	0	0	0
0	13	0	+	2	19	25	T	A	-	-	0	1	1	11830	0	0	0	953	0	0	0	52	0	0	0	0	0	0	0	0	0	0	0	0	0	0	0	0
0	13	0	+	2	20	24	G	C	-	-	1	0	11826	3	0	0	951	0	0	0	51	0	0	0	0	0	0	0	0	0	0	0	0	0	0	0	0	0
0	13	0	+	2	21	23	G	C	-	-	0	0	11828	3	0	0	952	0	0	0	52	0	0	0	0	0	0	0	0	0	0	0	0	0	0	0	0	0
0	13	0	+	2	22	22	T	A	-	-	30	13	14	11760	0	0	0	938	0	0	0	51	0	0	0	0	0	0	0	0	0	0	0	0	0	0	0	0
0	13	0	+	2	23	21	A	T	-	-	11830	0	2	0	953	0	0	0	52	0	0	0	0	0	0	0	0	0	0	0	0	0	0	0	0	0	0	0
0	13	0	+	2	24	20	G	C	-	-	1	0	11830	0	0	0	952	0	0	0	52	0	0	0	0	0	0	0	0	0	0	0	0	0	0	0	0	0
0	13	0	+	2	25	19	G	C	-	-	0	0	11832	0	0	0	953	0	0	0	52	0	0	0	0	0	0	0	0	0	0	0	0	0	0	0	0	0
0	13	0	+	2	26	18	T	A	-	-	9	5	9	11807	0	0	0	951	0	0	0	52	0	0	0	0	0	0	0	0	0	0	0	0	0	0	0	0
0	13	0	+	2	27	17	T	A	-	-	0	0	1	11831	0	0	0	953	0	0	0	52	0	0	0	0	0	0	0	0	0	0	0	0	0	0	0	0
0	13	0	+	2	28	16	T	A	-	-	0	2	1	11828	0	0	0	952	0	0	0	52	0	0	0	0	0	0	0	0	0	0	0	0	0	0	0	0
0	13	0	+	2	29	15	G	C	-	-	1	0	11827	4	0	0	953	0	0	0	52	0	0	0	0	0	0	0	0	0	0	0	0	0	0	0	0	0
0	13	0	+	2	30	14	A	T	-	-	11824	0	4	2	951	0	0	0	52	0	0	0	0	0	0	0	0	0	0	0	0	0	0	0	0	0	0	0
0	13	0	+	2	31	13	A	T	-	-	11827	0	4	0	952	0	0	0	52	0	0	0	0	0	0	0	0	0	0	0	0	0	0	0	0	0	0	0
0	13	0	+	2	32	12	C	G	-	-	1	11826	0	3	0	951	0	0	0	52	0	0	0	0	0	0	0	0	0	0	0	0	0	0	0	0	0	0
0	13	0	+	2	33	11	C	G	-	-	6	11820	2	3	0	952	0	0	0	52	0	0	0	0	0	0	0	0	0	0	0	0	0	0	0	0	0	0
0	13	0	+	2	34	10	A	T	-	-	11831	1	0	0	953	0	0	0	52	0	0	0	0	0	0	0	0	0	0	0	0	0	0	0	0	0	0	0
2	13	0	+	2	35	9	T	A	A	T	34	8	3	11784	2	0	0	948	1	0	0	51	0	0	0	0	0	0	0	0	0	0	0	0	0	0	0	0
0	13	0	+	2	36	8	T	A	-	-	27	21	15	11762	0	0	0	946	0	0	0	52	0	0	0	0	0	0	0	0	0	0	0	0	0	0	0	0
0	13	0	+	2	37	7	A	T	-	-	11828	2	0	1	952	0	0	0	52	0	0	0	0	0	0	0	0	0	0	0	0	0	0	0	0	0	0	0
0	13	0	+	2	38	6	G	C	-	-	3	0	11827	1	0	0	952	0	0	0	52	0	0	0	0	0	0	0	0	0	0	0	0	0	0	0	0	0
0	13	0	+	2	39	5	T	A	-	-	45	15	12	11749	0	0	0	942	0	0	0	50	0	0	0	0	0	0	0	0	0	0	0	0	0	0	0	0
0	13	0	+	2	40	4	A	T	-	-	11828	0	1	1	951	0	0	0	51	0	0	0	0	0	0	0	0	0	0	0	0	0	0	0	0	0	0	0
0	13	0	+	2	41	3	C	G	-	-	3	11826	0	3	0	953	0	0	0	52	0	0	0	0	0	0	0	0	0	0	0	0	0	0	0	0	0	0
0	13	0	+	2	42	2	A	T	-	-	11828	1	3	0	953	0	0	0	52	0	0	0	0	0	0	0	0	0	0	0	0	0	0	0	0	0	0	0
0	13	0	+	2	43	1	G	C	-	-	5	1	11745	68	0	0	939	1	0	0	51	0	0	0	0	0	0	0	0	0	0	0	0	0	0	0	0	0
0	13	0	+	2	44	0	C	G	-	-	4	11821	0	7	0	953	0	0	0	52	0	0	0	0	0	0	0	0	0	0	0	0	0	0	0	0	0	0
