target_base	locus_index	reference_index	target_strand	read_index	read_pos	template_pos	expected_read_base	expected_template_base	variant_read_base	variant_template_base	A1	C1	G1	T1	A2	C2	G2	T2	A3	C3	G3	T3	A5	C5	G5	T5	A10	C10	G10	T10	A15	C15	G15	T15	A20	C20	G20	T20
0	21	0	+	1	0	0	T	T	-	-	0	0	0	4888	0	0	0	3550	0	0	0	2272	0	0	0	747	0	0	0	25	0	0	0	0	0	0	0	0
2	21	0	+	1	1	1	C	C	G	G	0	4879	5	0	0	3543	3	0	0	2269	0	0	0	747	0	0	0	25	0	0	0	0	0	0	0	0	0	0
0	21	0	+	1	2	2	A	A	-	-	4887	0	0	0	3549	0	0	0	2272	0	0	0	747	0	0	0	25	0	0	0	0	0	0	0	0	0	0	0
0	21	0	+	1	3	3	C	C	-	-	0	4888	0	0	0	3550	0	0	0	2272	0	0	0	747	0	0	0	25	0	0	0	0	0	0	0	0	0	0
0	21	0	+	1	4	4	T	T	-	-	0	0	0	4889	0	0	0	3551	0	0	0	2273	0	0	0	747	0	0	0	25	0	0	0	0	0	0	0	0
0	21	0	+	1	5	5	G	G	-	-	2	0	4884	0	0	0	3548	0	0	0	2271	0	0	0	746	0	0	0	25	0	0	0	0	0	0	0	0	0
0	21	0	+	1	6	6	C	C	-	-	0	4886	1	0	0	3549	0	0	0	2271	0	0	0	747	0	0	0	25	0	0	0	0	0	0	0	0	0	0
0	21	0	+	1	7	7	A	A	-	-	4886	0	1	0	3549	0	0	0	2272	0	0	0	747	0	0	0	25	0	0	0	0	0	0	0	0	0	0	0
0	21	0	+	1	8	8	A	A	-	-	4888	0	0	0	3550	0	0	0	2273	0	0	0	747	0	0	0	25	0	0	0	0	0	0	0	0	0	0	0
0	21	0	+	1	9	9	G	G	-	-	1	0	4886	0	0	0	3549	0	0	0	2271	0	0	0	747	0	0	0	25	0	0	0	0	0	0	0	0	0
0	21	0	+	1	10	10	C	C	-	-	0	4886	0	0	0	3548	0	0	0	2270	0	0	0	747	0	0	0	25	0	0	0	0	0	0	0	0	0	0
0	21	0	+	1	11	11	A	A	-	-	4884	0	0	0	3546	0	0	0	2269	0	0	0	747	0	0	0	25	0	0	0	0	0	0	0	0	0	0	0
0	21	0	+	1	12	12	G	G	-	-	0	0	4888	0	0	0	3550	0	0	0	2272	0	0	0	747	0	0	0	25	0	0	0	0	0	0	0	0	0
0	21	0	+	1	13	13	G	G	-	-	0	0	4888	0	0	0	3550	0	0	0	2272	0	0	0	747	0	0	0	25	0	0	0	0	0	0	0	0	0
0	21	0	+	1	14	14	G	G	-	-	0	0	4884	0	0	0	3546	0	0	0	2272	0	0	0	747	0	0	0	25	0	0	0	0	0	0	0	0	0
0	21	0	+	1	15	15	G	G	-	-	0	3	4128	119	0	0	2903	9	0	0	1828	1	0	0	682	0	0	0	24	0	0	0	0	0	0	0	0	0
0	21	0	+	1	16	16	T	T	-	-	1	2	2	4848	0	0	0	3515	0	0	0	2247	0	0	0	747	0	0	0	25	0	0	0	0	0	0	0	0
0	21	0	+	1	17	17	G	G	-	-	0	0	4886	0	0	0	3548	0	0	0	2272	0	0	0	747	0	0	0	25	0	0	0	0	0	0	0	0	0
0	21	0	+	1	18	18	G	G	-	-	0	0	4886	0	0	0	3548	0	0	0	2272	0	0	0	747	0	0	0	25	0	0	0	0	0	0	0	0	0
0	21	0	+	1	19	19	T	T	-	-	2	2	3	4866	0	0	0	3535	0	0	0	2261	0	0	0	747	0	0	0	25	0	0	0	0	0	0	0	0
0	21	0	+	1	20	20	G	G	-	-	0	0	4884	1	0	0	3547	0	0	0	2270	0	0	0	747	0	0	0	25	0	0	0	0	0	0	0	0	0
0	21	0	+	1	21	21	T	T	-	-	1	1	0	4875	0	0	0	3539	0	0	0	2265	0	0	0	747	0	0	0	25	0	0	0	0	0	0	0	0
0	21	0	+	1	22	22	G	G	-	-	3	0	4880	0	1	0	3544	0	1	0	2269	0	0	0	747	0	0	0	25	0	0	0	0	0	0	0	0	0
0	21	0	+	1	23	23	C	C	-	-	1	4887	0	1	0	3551	0	0	0	2273	0	0	0	747	0	0	0	25	0	0	0	0	0	0	0	0	0	0
0	21	0	+	1	24	24	A	A	-	-	4886	0	0	0	3548	0	0	0	2272	0	0	0	747	0	0	0	25	0	0	0	0	0	0	0	0	0	0	0
0	21	0	+	1	25	25	C	C	-	-	0	4886	0	1	0	3549	0	0	0	2271	0	0	0	747	0	0	0	25	0	0	0	0	0	0	0	0	0	0
0	21	0	+	1	26	26	C	C	-	-	1	4885	0	0	0	3548	0	0	0	2271	0	0	0	747	0	0	0	25	0	0	0	0	0	0	0	0	0	0
0	21	0	+	1	27	27	A	A	-	-	4886	0	0	0	3548	0	0	0	2271	0	0	0	747	0	0	0	25	0	0	0	0	0	0	0	0	0	0	0
0	21	0	+	1	28	28	G	G	-	-	0	0	4889	0	0	0	3551	0	0	0	2273	0	0	0	747	0	0	0	25	0	0	0	0	0	0	0	0	0
0	21	0	+	1	29	29	T	T	-	-	1	0	0	4877	0	0	0	3540	0	0	0	2267	0	0	0	747	0	0	0	25	0	0	0	0	0	0	0	0
0	21	0	+	1	30	30	T	T	-	-	0	0	0	4888	0	0	0	3550	0	0	0	2272	0	0	0	747	0	0	0	25	0	0	0	0	0	0	0	0
0	21	0	+	1	31	31	C	C	-	-	0	4888	0	0	0	3550	0	0	0	2272	0	0	0	747	0	0	0	25	0	0	0	0	0	0	0	0	0	0
0	21	0	+	1	32	32	C	C	-	-	0	4884	0	0	0	3546	0	0	0	2270	0	0	0	747	0	0	0	25	0	0	0	0	0	0	0	0	0	0
0	21	0	+	1	33	33	A	A	-	-	4886	0	0	0	3548	0	0	0	2271	0	0	0	747	0	0	0	25	0	0	0	0	0	0	0	0	0	0	0
0	21	0	+	1	34	34	T	T	-	-	0	0	0	4889	0	0	0	3551	0	0	0	2273	0	0	0	747	0	0	0	25	0	0	0	0	0	0	0	0
0	21	0	+	1	35	35	T	T	-	-	0	1	0	4888	0	0	0	3551	0	0	0	2273	0	0	0	747	0	0	0	25	0	0	0	0	0	0	0	0
0	21	0	+	1	36	36	G	G	-	-	0	0	4883	2	0	0	3547	0	0	0	2269	0	0	0	747	0	0	0	25	0	0	0	0	0	0	0	0	0
0	21	0	+	1	37	37	A	A	-	-	4887	0	0	0	3549	0	0	0	2272	0	0	0	747	0	0	0	25	0	0	0	0	0	0	0	0	0	0	0
0	21	0	+	1	38	38	C	C	-	-	0	4888	0	0	0	3550	0	0	0	2272	0	0	0	747	0	0	0	25	0	0	0	0	0	0	0	0	0	0
0	21	0	+	1	39	39	A	A	-	-	4888	0	0	0	3550	0	0	0	2273	0	0	0	747	0	0	0	25	0	0	0	0	0	0	0	0	0	0	0
0	21	0	+	1	40	40	A	A	-	-	4884	1	0	0	3547	0	0	0	2271	0	0	0	747	0	0	0	25	0	0	0	0	0	0	0	0	0	0	0
0	21	0	+	1	41	41	C	C	-	-	0	4886	0	0	0	3548	0	0	0	2270	0	0	0	747	0	0	0	25	0	0	0	0	0	0	0	0	0	0
0	21	0	+	1	42	42	A	A	-	-	4885	0	0	0	3547	0	0	0	2269	0	0	0	746	0	0	0	25	0	0	0	0	0	0	0	0	0	0	0
0	21	0	+	1	43	43	A	A	-	-	4889	0	0	0	3551	0	0	0	2273	0	0	0	747	0	0	0	25	0	0	0	0	0	0	0	0	0	0	0
0	21	0	+	1	44	44	T	T	-	-	0	0	0	4888	0	0	0	3550	0	0	0	2272	0	0	0	747	0	0	0	25	0	0	0	0	0	0	0	0
0	21	0	+	1	45	45	A	A	-	-	4882	0	1	0	3545	0	0	0	2269	0	0	0	746	0	0	0	25	0	0	0	0	0	0	0	0	0	0	0
0	21	0	+	1	46	46	G	G	-	-	0	0	4881	1	0	0	3544	0	0	0	2270	0	0	0	747	0	0	0	25	0	0	0	0	0	0	0	0	0
0	21	0	+	2	0	46	C	G	-	-	1	4884	0	0	0	3547	0	0	0	2270	0	0	0	747	0	0	0	25	0	0	0	0	0	0	0	0	0	0
0	21	0	+	2	1	45	T	A	-	-	0	1	0	4881	0	0	0	3544	0	0	0	2269	0	0	0	746	0	0	0	25	0	0	0	0	0	0	0	0
0	21	0	+	2	2	44	A	T	-	-	4883	0	0	0	3545	0	0	0	2268	0	0	0	747	0	0	0	25	0	0	0	0	0	0	0	0	0	0	0
0	21	0	+	2	3	43	T	A	-	-	0	0	0	4889	0	0	0	3551	0	0	0	2273	0	0	0	747	0	0	0	25	0	0	0	0	0	0	0	0
0	21	0	+	2	4	42	T	A	-	-	0	0	0	4886	0	0	0	3548	0	0	0	2270	0	0	0	746	0	0	0	25	0	0	0	0	0	0	0	0
0	21	0	+	2	5	41	G	C	-	-	0	0	4886	1	0	0	3549	0	0	0	2271	0	0	0	747	0	0	0	25	0	0	0	0	0	0	0	0	0
0	21	0	+	2	6	40	T	A	-	-	0	0	0	4880	0	0	0	3542	0	0	0	2270	0	0	0	747	0	0	0	25	0	0	0	0	0	0	0	0
0	21	0	+	2	7	39	T	A	-	-	0	0	0	4887	0	0	0	3549	0	0	0	2273	0	0	0	747	0	0	0	25	0	0	0	0	0	0	0	0
0	21	0	+	2	8	38	G	C	-	-	0	0	4888	0	0	0	3550	0	0	0	2272	0	0	0	747	0	0	0	25	0	0	0	0	0	0	0	0	0
0	21	0	+	2	9	37	T	A	-	-	0	0	0	4885	0	0	0	3547	0	0	0	2270	0	0	0	747	0	0	0	25	0	0	0	0	0	0	0	0
0	21	0	+	2	10	36	C	G	-	-	1	4883	1	1	0	3548	0	0	0	2270	0	0	0	747	0	0	0	25	0	0	0	0	0	0	0	0	0	0
0	21	0	+	2	11	35	A	T	-	-	4886	1	1	0	3550	0	0	0	2272	0	0	0	747	0	0	0	25	0	0	0	0	0	0	0	0	0	0	0
0	21	0	+	2	12	34	A	T	-	-	4889	0	0	0	3551	0	0	0	2273	0	0	0	747	0	0	0	25	0	0	0	0	0	0	0	0	0	0	0
0	21	0	+	2	13	33	T	A	-	-	0	0	0	4885	0	0	0	3547	0	0	0	2271	0	0	0	747	0	0	0	25	0	0	0	0	0	0	0	0
0	21	0	+	2	14	32	G	C	-	-	0	0	4884	0	0	0	3546	0	0	0	2270	0	0	0	747	0	0	0	25	0	0	0	0	0	0	0	0	0
0	21	0	+	2	15	31	G	C	-	-	0	0	4887	0	0	0	3549	0	0	0	2272	0	0	0	747	0	0	0	25	0	0	0	0	0	0	0	0	0
0	21	0	+	2	16	30	A	T	-	-	4886	0	0	0	3548	0	0	0	2270	0	0	0	747	0	0	0	25	0	0	0	0	0	0	0	0	0	0	0
0	21	0	+	2	17	29	A	T	-	-	4886	0	0	0	3548	0	0	0	2270	0	0	0	747	0	0	0	25	0	0	0	0	0	0	0	0	0	0	0
0	21	0	+	2	18	28	C	G	-	-	0	4887	0	1	0	3550	0	0	0	2272	0	0	0	747	0	0	0	25	0	0	0	0	0	0	0	0	0	0
0	21	0	+	2	19	27	T	A	-	-	0	0	0	4886	0	0	0	3548	0	0	0	2271	0	0	0	747	0	0	0	25	0	0	0	0	0	0	0	0
0	21	0	+	2	20	26	G	C	-	-	0	0	4883	1	0	0	3546	0	0	0	2269	0	0	0	747	0	0	0	25	0	0	0	0	0	0	0	0	0
0	21	0	+	2	21	25	G	C	-	-	1	0	4885	0	0	0	3548	0	0	0	2271	0	0	0	747	0	0	0	25	0	0	0	0	0	0	0	0	0
0	21	0	+	2	22	24	T	A	-	-	0	0	1	4863	0	0	0	3526	0	0	0	2259	0	0	0	747	0	0	0	25	0	0	0	0	0	0	0	0
0	21	0	+	2	23	23	G	C	-	-	0	0	4885	1	0	0	3548	0	0	0	2273	0	0	0	747	0	0	0	25	0	0	0	0	0	0	0	0	0
0	21	0	+	2	24	22	C	G	-	-	0	4879	0	3	0	3543	0	1	0	2267	0	1	0	747	0	0	0	25	0	0	0	0	0	0	0	0	0	0
0	21	0	+	2	25	21	A	T	-	-	4883	0	0	0	3545	0	0	0	2267	0	0	0	747	0	0	0	25	0	0	0	0	0	0	0	0	0	0	0
0	21	0	+	2	26	20	C	G	-	-	0	4884	0	1	0	3547	0	0	0	2270	0	0	0	747	0	0	0	25	0	0	0	0	0	0	0	0	0	0
0	21	0	+	2	27	19	A	T	-	-	4887	0	0	0	3549	0	0	0	2271	0	0	0	747	0	0	0	25	0	0	0	0	0	0	0	0	0	0	0
0	21	0	+	2	28	18	C	G	-	-	0	4886	0	0	0	3548	0	0	0	2271	0	0	0	747	0	0	0	25	0	0	0	0	0	0	0	0	0	0
0	21	0	+	2	29	17	C	G	-	-	1	4881	1	1	0	3546	0	0	0	2271	0	0	0	747	0	0	0	25	0	0	0	0	0	0	0	0	0	0
0	21	0	+	2	30	16	A	T	-	-	4883	1	0	0	3546	0	0	0	2270	0	0	0	747	0	0	0	25	0	0	0	0	0	0	0	0	0	0	0
0	21	0	+	2	31	15	C	G	-	-	0	4885	0	0	0	3547	0	0	0	2271	0	0	0	747	0	0	0	25	0	0	0	0	0	0	0	0	0	0
0	21	0	+	2	32	14	C	G	-	-	0	4884	0	0	0	3546	0	0	0	2271	0	0	0	747	0	0	0	25	0	0	0	0	0	0	0	0	0	0
0	21	0	+	2	33	13	C	G	-	-	0	4887	0	0	0	3549	0	0	0	2272	0	0	0	747	0	0	0	25	0	0	0	0	0	0	0	0	0	0
0	21	0	+	2	34	12	C	G	-	-	0	4887	0	0	0	3549	0	0	0	2272	0	0	0	747	0	0	0	25	0	0	0	0	0	0	0	0	0	0
0	21	0	+	2	35	11	T	A	-	-	0	0	1	4886	0	0	0	3549	0	0	0	2272	0	0	0	747	0	0	0	25	0	0	0	0	0	0	0	0
0	21	0	+	2	36	10	G	C	-	-	1	0	4884	0	0	0	3547	0	0	0	2269	0	0	0	747	0	0	0	25	0	0	0	0	0	0	0	0	0
0	21	0	+	2	37	9	C	G	-	-	0	4885	0	2	0	3549	0	0	0	2271	0	0	0	747	0	0	0	25	0	0	0	0	0	0	0	0	0	0
0	21	0	+	2	38	8	T	A	-	-	0	1	0	4887	0	0	0	3550	0	0	0	2273	0	0	0	747	0	0	0	25	0	0	0	0	0	0	0	0
0	21	0	+	2	39	7	T	A	-	-	0	1	0	4881	0	0	0	3544	0	0	0	2269	0	0	0	747	0	0	0	25	0	0	0	0	0	0	0	0
0	21	0	+	2	40	6	G	C	-	-	0	1	4863	2	0	0	3528	0	0	0	2257	0	0	0	747	0	0	0	25	0	0	0	0	0	0	0	0	0
0	21	0	+	2	41	5	C	G	-	-	0	4884	0	2	0	3548	0	0	0	2271	0	0	0	746	0	0	0	25	0	0	0	0	0	0	0	0	0	0
0	21	0	+	2	42	4	A	T	-	-	4887	1	0	0	3550	0	0	0	2272	0	0	0	747	0	0	0	25	0	0	0	0	0	0	0	0	0	0	0
0	21	0	+	2	43	3	G	C	-	-	0	0	4888	0	0	0	3550	0	0	0	2272	0	0	0	747	0	0	0	25	0	0	0	0	0	0	0	0	0
0	21	0	+	2	44	2	T	A	-	-	1	0	2	4868	0	0	0	3533	0	0	0	2260	0	0	0	747	0	0	0	25	0	0	0	0	0	0	0	0
2	21	0	+	2	45	1	G	C	C	G	1	5	4877	0	0	3	3542	0	0	0	2269	0	0	0	747	0	0	0	25	0	0	0	0	0	0	0	0	0
0	21	0	+	2	46	0	A	T	-	-	4889	0	0	0	3551	0	0	0	2273	0	0	0	747	0	0	0	25	0	0	0	0	0	0	0	0	0	0	0
