target_base	locus_index	reference_index	target_strand	read_index	read_pos	template_pos	expected_read_base	expected_template_base	variant_read_base	variant_template_base	A1	C1	G1	T1	A2	C2	G2	T2	A3	C3	G3	T3	A5	C5	G5	T5	A10	C10	G10	T10	A15	C15	G15	T15	A20	C20	G20	T20
0	25	0	+	1	0	0	A	A	-	-	4212	1	0	0	2935	0	0	0	1754	0	0	0	517	0	0	0	13	0	0	0	0	0	0	0	0	0	0	0
0	25	0	+	1	1	1	C	C	-	-	0	4215	0	0	0	2937	0	0	0	1756	0	0	0	517	0	0	0	13	0	0	0	0	0	0	0	0	0	0
0	25	0	+	1	2	2	A	A	-	-	4214	0	1	0	2937	0	0	0	1756	0	0	0	517	0	0	0	13	0	0	0	0	0	0	0	0	0	0	0
0	25	0	+	1	3	3	T	T	-	-	0	0	0	4214	0	0	0	2936	0	0	0	1756	0	0	0	517	0	0	0	13	0	0	0	0	0	0	0	0
0	25	0	+	1	4	4	A	A	-	-	4216	0	0	0	2938	0	0	0	1757	0	0	0	517	0	0	0	13	0	0	0	0	0	0	0	0	0	0	0
0	25	0	+	1	5	5	A	A	-	-	4215	1	0	0	2938	0	0	0	1757	0	0	0	517	0	0	0	13	0	0	0	0	0	0	0	0	0	0	0
0	25	0	+	1	6	6	T	T	-	-	0	1	1	4214	0	0	0	2938	0	0	0	1757	0	0	0	517	0	0	0	13	0	0	0	0	0	0	0	0
0	25	0	+	1	7	7	T	T	-	-	0	1	0	4215	0	0	0	2938	0	0	0	1757	0	0	0	517	0	0	0	13	0	0	0	0	0	0	0	0
0	25	0	+	1	8	8	G	G	-	-	0	0	4210	0	0	0	2932	0	0	0	1753	0	0	0	517	0	0	0	13	0	0	0	0	0	0	0	0	0
0	25	0	+	1	9	9	A	A	-	-	4213	0	0	0	2935	0	0	0	1755	0	0	0	517	0	0	0	13	0	0	0	0	0	0	0	0	0	0	0
0	25	0	+	1	10	10	T	T	-	-	0	0	1	4208	0	0	0	2931	0	0	0	1754	0	0	0	517	0	0	0	13	0	0	0	0	0	0	0	0
0	25	0	+	1	11	11	A	A	-	-	4209	0	1	0	2932	0	0	0	1755	0	0	0	517	0	0	0	13	0	0	0	0	0	0	0	0	0	0	0
0	25	0	+	1	12	12	C	C	-	-	1	4209	0	0	0	2932	0	0	0	1753	0	0	0	517	0	0	0	13	0	0	0	0	0	0	0	0	0	0
0	25	0	+	1	13	13	C	C	-	-	0	4214	0	1	0	2936	0	1	0	1755	0	1	0	517	0	0	0	13	0	0	0	0	0	0	0	0	0	0
0	25	0	+	1	14	14	A	A	-	-	4212	0	0	1	2935	0	0	0	1756	0	0	0	517	0	0	0	13	0	0	0	0	0	0	0	0	0	0	0
0	25	0	+	1	15	15	T	T	-	-	0	0	0	4215	0	0	0	2937	0	0	0	1756	0	0	0	517	0	0	0	13	0	0	0	0	0	0	0	0
0	25	0	+	1	16	16	C	C	-	-	1	4213	0	2	0	2938	0	0	0	1757	0	0	0	517	0	0	0	13	0	0	0	0	0	0	0	0	0	0
0	25	0	+	1	17	17	T	T	-	-	0	0	0	4213	0	0	0	2935	0	0	0	1755	0	0	0	517	0	0	0	13	0	0	0	0	0	0	0	0
0	25	0	+	1	18	18	A	A	-	-	4213	0	0	0	2935	0	0	0	1756	0	0	0	517	0	0	0	13	0	0	0	0	0	0	0	0	0	0	0
0	25	0	+	1	19	19	G	G	-	-	0	0	4214	0	0	0	2936	0	0	0	1756	0	0	0	517	0	0	0	13	0	0	0	0	0	0	0	0	0
0	25	0	+	1	20	20	C	C	-	-	1	4213	0	0	0	2936	0	0	0	1756	0	0	0	517	0	0	0	13	0	0	0	0	0	0	0	0	0	0
0	25	0	+	1	21	21	C	C	-	-	2	4213	0	0	0	2937	0	0	0	1756	0	0	0	517	0	0	0	13	0	0	0	0	0	0	0	0	0	0
0	25	0	+	1	22	22	T	T	-	-	0	0	0	4216	0	0	0	2938	0	0	0	1757	0	0	0	517	0	0	0	13	0	0	0	0	0	0	0	0
0	25	0	+	1	23	23	T	T	-	-	0	0	0	4215	0	0	0	2937	0	0	0	1756	0	0	0	517	0	0	0	13	0	0	0	0	0	0	0	0
0	25	0	+	1	24	24	T	T	-	-	0	0	0	4216	0	0	0	2938	0	0	0	1757	0	0	0	517	0	0	0	13	0	0	0	0	0	0	0	0
0	25	0	+	1	25	25	A	A	-	-	4214	0	0	0	2936	0	0	0	1755	0	0	0	516	0	0	0	13	0	0	0	0	0	0	0	0	0	0	0
0	25	0	+	1	26	26	T	T	-	-	0	0	0	4215	0	0	0	2937	0	0	0	1757	0	0	0	517	0	0	0	13	0	0	0	0	0	0	0	0
0	25	0	+	1	27	27	T	T	-	-	0	0	0	4214	0	0	0	2936	0	0	0	1755	0	0	0	517	0	0	0	13	0	0	0	0	0	0	0	0
0	25	0	+	1	28	28	T	T	-	-	0	1	0	4213	0	0	0	2936	0	0	0	1756	0	0	0	517	0	0	0	13	0	0	0	0	0	0	0	0
2	25	0	+	1	29	29	A	A	G	G	4211	0	2	0	2934	0	1	0	1755	0	1	0	517	0	0	0	13	0	0	0	0	0	0	0	0	0	0	0
0	25	0	+	1	30	30	C	C	-	-	0	4212	0	0	0	2934	0	0	0	1754	0	0	0	517	0	0	0	13	0	0	0	0	0	0	0	0	0	0
0	25	0	+	1	31	31	A	A	-	-	4213	0	0	0	2935	0	0	0	1754	0	0	0	517	0	0	0	13	0	0	0	0	0	0	0	0	0	0	0
0	25	0	+	1	32	32	G	G	-	-	1	0	4207	0	1	0	2929	0	0	0	1750	0	0	0	517	0	0	0	13	0	0	0	0	0	0	0	0	0
0	25	0	+	1	33	33	C	C	-	-	0	4210	0	1	0	2933	0	0	0	1752	0	0	0	517	0	0	0	13	0	0	0	0	0	0	0	0	0	0
0	25	0	+	1	34	34	A	A	-	-	4211	0	1	0	2934	0	0	0	1755	0	0	0	517	0	0	0	13	0	0	0	0	0	0	0	0	0	0	0
0	25	0	+	1	35	35	A	A	-	-	4215	0	1	0	2938	0	0	0	1757	0	0	0	517	0	0	0	13	0	0	0	0	0	0	0	0	0	0	0
0	25	0	+	1	36	36	T	T	-	-	0	0	0	4216	0	0	0	2938	0	0	0	1757	0	0	0	517	0	0	0	13	0	0	0	0	0	0	0	0
0	25	0	+	1	37	37	C	C	-	-	0	4215	0	0	0	2937	0	0	0	1757	0	0	0	517	0	0	0	13	0	0	0	0	0	0	0	0	0	0
0	25	0	+	2	0	37	G	C	-	-	0	0	4215	0	0	0	2937	0	0	0	1757	0	0	0	517	0	0	0	13	0	0	0	0	0	0	0	0	0
0	25	0	+	2	1	36	A	T	-	-	4211	0	0	1	2934	0	0	0	1753	0	0	0	517	0	0	0	13	0	0	0	0	0	0	0	0	0	0	0
0	25	0	+	2	2	35	T	A	-	-	0	0	0	4216	0	0	0	2938	0	0	0	1757	0	0	0	517	0	0	0	13	0	0	0	0	0	0	0	0
0	25	0	+	2	3	34	T	A	-	-	0	1	0	4212	0	0	0	2935	0	0	0	1755	0	0	0	517	0	0	0	13	0	0	0	0	0	0	0	0
0	25	0	+	2	4	33	G	C	-	-	1	0	4210	0	0	0	2933	0	0	0	1752	0	0	0	517	0	0	0	13	0	0	0	0	0	0	0	0	0
0	25	0	+	2	5	32	C	G	-	-	0	4205	0	1	0	2927	0	1	0	1749	0	0	0	517	0	0	0	13	0	0	0	0	0	0	0	0	0	0
0	25	0	+	2	6	31	T	A	-	-	0	0	0	4212	0	0	0	2934	0	0	0	1753	0	0	0	517	0	0	0	13	0	0	0	0	0	0	0	0
0	25	0	+	2	7	30	G	C	-	-	0	0	4213	0	0	0	2935	0	0	0	1755	0	0	0	517	0	0	0	13	0	0	0	0	0	0	0	0	0
2	25	0	+	2	8	29	T	A	C	G	0	1	0	4210	0	1	0	2932	0	1	0	1754	0	0	0	517	0	0	0	13	0	0	0	0	0	0	0	0
0	25	0	+	2	9	28	A	T	-	-	4213	0	2	0	2937	0	0	0	1756	0	0	0	517	0	0	0	13	0	0	0	0	0	0	0	0	0	0	0
0	25	0	+	2	10	27	A	T	-	-	4216	0	0	0	2938	0	0	0	1757	0	0	0	517	0	0	0	13	0	0	0	0	0	0	0	0	0	0	0
0	25	0	+	2	11	26	A	T	-	-	4215	0	0	0	2937	0	0	0	1757	0	0	0	517	0	0	0	13	0	0	0	0	0	0	0	0	0	0	0
0	25	0	+	2	12	25	T	A	-	-	0	0	0	4215	0	0	0	2937	0	0	0	1757	0	0	0	517	0	0	0	13	0	0	0	0	0	0	0	0
0	25	0	+	2	13	24	A	T	-	-	4216	0	0	0	2938	0	0	0	1757	0	0	0	517	0	0	0	13	0	0	0	0	0	0	0	0	0	0	0
0	25	0	+	2	14	23	A	T	-	-	4212	0	0	0	2934	0	0	0	1753	0	0	0	517	0	0	0	13	0	0	0	0	0	0	0	0	0	0	0
0	25	0	+	2	15	22	A	T	-	-	4215	0	0	0	2937	0	0	0	1757	0	0	0	517	0	0	0	13	0	0	0	0	0	0	0	0	0	0	0
0	25	0	+	2	16	21	G	C	-	-	0	0	4214	1	0	0	2937	0	0	0	1756	0	0	0	517	0	0	0	13	0	0	0	0	0	0	0	0	0
0	25	0	+	2	17	20	G	C	-	-	0	0	4213	1	0	0	2936	0	0	0	1756	0	0	0	517	0	0	0	13	0	0	0	0	0	0	0	0	0
0	25	0	+	2	18	19	C	G	-	-	1	4213	0	1	0	2937	0	0	0	1756	0	0	0	517	0	0	0	13	0	0	0	0	0	0	0	0	0	0
0	25	0	+	2	19	18	T	A	-	-	0	0	0	4214	0	0	0	2936	0	0	0	1755	0	0	0	517	0	0	0	13	0	0	0	0	0	0	0	0
0	25	0	+	2	20	17	A	T	-	-	4216	0	0	0	2938	0	0	0	1757	0	0	0	517	0	0	0	13	0	0	0	0	0	0	0	0	0	0	0
0	25	0	+	2	21	16	G	C	-	-	2	0	4213	0	0	0	2937	0	0	0	1756	0	0	0	517	0	0	0	13	0	0	0	0	0	0	0	0	0
0	25	0	+	2	22	15	A	T	-	-	4214	0	0	0	2936	0	0	0	1757	0	0	0	517	0	0	0	13	0	0	0	0	0	0	0	0	0	0	0
0	25	0	+	2	23	14	T	A	-	-	1	0	0	4212	0	0	0	2935	0	0	0	1755	0	0	0	517	0	0	0	13	0	0	0	0	0	0	0	0
0	25	0	+	2	24	13	G	C	-	-	1	0	4214	0	1	0	2936	0	1	0	1755	0	0	0	517	0	0	0	13	0	0	0	0	0	0	0	0	0
0	25	0	+	2	25	12	G	C	-	-	0	0	4213	1	0	0	2936	0	0	0	1756	0	0	0	517	0	0	0	13	0	0	0	0	0	0	0	0	0
0	25	0	+	2	26	11	T	A	-	-	0	3	2	4179	0	0	0	2906	0	0	0	1739	0	0	0	516	0	0	0	13	0	0	0	0	0	0	0	0
0	25	0	+	2	27	10	A	T	-	-	4211	0	0	0	2933	0	0	0	1755	0	0	0	517	0	0	0	13	0	0	0	0	0	0	0	0	0	0	0
0	25	0	+	2	28	9	T	A	-	-	1	0	0	4213	0	0	0	2936	0	0	0	1756	0	0	0	517	0	0	0	13	0	0	0	0	0	0	0	0
0	25	0	+	2	29	8	C	G	-	-	0	4211	0	0	0	2933	0	0	0	1753	0	0	0	517	0	0	0	13	0	0	0	0	0	0	0	0	0	0
0	25	0	+	2	30	7	A	T	-	-	4214	0	1	0	2937	0	0	0	1756	0	0	0	517	0	0	0	13	0	0	0	0	0	0	0	0	0	0	0
0	25	0	+	2	31	6	A	T	-	-	4212	0	0	0	2934	0	0	0	1756	0	0	0	517	0	0	0	13	0	0	0	0	0	0	0	0	0	0	0
0	25	0	+	2	32	5	T	A	-	-	0	0	0	4216	0	0	0	2938	0	0	0	1757	0	0	0	517	0	0	0	13	0	0	0	0	0	0	0	0
0	25	0	+	2	33	4	T	A	-	-	0	0	0	4216	0	0	0	2938	0	0	0	1757	0	0	0	517	0	0	0	13	0	0	0	0	0	0	0	0
0	25	0	+	2	34	3	A	T	-	-	4214	0	0	0	2936	0	0	0	1756	0	0	0	517	0	0	0	13	0	0	0	0	0	0	0	0	0	0	0
0	25	0	+	2	35	2	T	A	-	-	0	0	0	4212	0	0	0	2934	0	0	0	1753	0	0	0	517	0	0	0	13	0	0	0	0	0	0	0	0
0	25	0	+	2	36	1	G	C	-	-	0	0	4216	0	0	0	2938	0	0	0	1757	0	0	0	517	0	0	0	13	0	0	0	0	0	0	0	0	0
0	25	0	+	2	37	0	T	A	-	-	0	0	1	4210	0	0	0	2933	0	0	0	1753	0	0	0	517	0	0	0	13	0	0	0	0	0	0	0	0
