target_base	locus_index	reference_index	target_strand	read_index	read_pos	template_pos	expected_read_base	expected_template_base	variant_read_base	variant_template_base	A1	C1	G1	T1	A2	C2	G2	T2	A3	C3	G3	T3	A5	C5	G5	T5	A10	C10	G10	T10	A15	C15	G15	T15	A20	C20	G20	T20
0	2	0	-	1	0	0	A	A	-	-	2064	0	0	0	654	0	0	0	177	0	0	0	10	0	0	0	0	0	0	0	0	0	0	0	0	0	0	0
0	2	0	-	1	1	1	A	A	-	-	2063	1	0	0	654	0	0	0	177	0	0	0	10	0	0	0	0	0	0	0	0	0	0	0	0	0	0	0
2	2	0	-	1	2	2	C	C	T	T	0	2064	0	0	0	654	0	0	0	177	0	0	0	10	0	0	0	0	0	0	0	0	0	0	0	0	0	0
0	2	0	-	1	3	3	T	T	-	-	0	0	0	2064	0	0	0	654	0	0	0	177	0	0	0	10	0	0	0	0	0	0	0	0	0	0	0	0
0	2	0	-	1	4	4	T	T	-	-	0	0	0	2063	0	0	0	653	0	0	0	177	0	0	0	10	0	0	0	0	0	0	0	0	0	0	0	0
0	2	0	-	1	5	5	A	A	-	-	2064	0	0	0	654	0	0	0	177	0	0	0	10	0	0	0	0	0	0	0	0	0	0	0	0	0	0	0
0	2	0	-	1	6	6	C	C	-	-	0	2063	0	1	0	654	0	0	0	177	0	0	0	10	0	0	0	0	0	0	0	0	0	0	0	0	0	0
0	2	0	-	1	7	7	C	C	-	-	2	2061	0	1	0	654	0	0	0	177	0	0	0	10	0	0	0	0	0	0	0	0	0	0	0	0	0	0
0	2	0	-	1	8	8	T	T	-	-	0	0	0	2064	0	0	0	654	0	0	0	177	0	0	0	10	0	0	0	0	0	0	0	0	0	0	0	0
0	2	0	-	1	9	9	G	G	-	-	0	0	2064	0	0	0	654	0	0	0	177	0	0	0	10	0	0	0	0	0	0	0	0	0	0	0	0	0
0	2	0	-	1	10	10	A	A	-	-	2062	0	0	2	654	0	0	0	177	0	0	0	10	0	0	0	0	0	0	0	0	0	0	0	0	0	0	0
0	2	0	-	1	11	11	T	T	-	-	0	0	0	2064	0	0	0	654	0	0	0	177	0	0	0	10	0	0	0	0	0	0	0	0	0	0	0	0
0	2	0	-	1	12	12	T	T	-	-	0	0	0	2064	0	0	0	654	0	0	0	177	0	0	0	10	0	0	0	0	0	0	0	0	0	0	0	0
0	2	0	-	1	13	13	A	A	-	-	2063	0	0	0	653	0	0	0	176	0	0	0	10	0	0	0	0	0	0	0	0	0	0	0	0	0	0	0
0	2	0	-	1	14	14	G	G	-	-	1	0	1814	133	0	0	533	5	0	0	130	0	0	0	10	0	0	0	0	0	0	0	0	0	0	0	0	0
0	2	0	-	1	15	15	A	A	-	-	2063	0	1	0	654	0	0	0	177	0	0	0	10	0	0	0	0	0	0	0	0	0	0	0	0	0	0	0
0	2	0	-	1	16	16	A	A	-	-	2062	0	1	1	654	0	0	0	177	0	0	0	10	0	0	0	0	0	0	0	0	0	0	0	0	0	0	0
0	2	0	-	1	17	17	A	A	-	-	2063	0	1	0	654	0	0	0	177	0	0	0	10	0	0	0	0	0	0	0	0	0	0	0	0	0	0	0
0	2	0	-	1	18	18	T	T	-	-	1	0	0	2063	0	0	0	654	0	0	0	177	0	0	0	10	0	0	0	0	0	0	0	0	0	0	0	0
0	2	0	-	1	19	19	G	G	-	-	0	0	2063	0	0	0	653	0	0	0	177	0	0	0	10	0	0	0	0	0	0	0	0	0	0	0	0	0
0	2	0	-	1	20	20	C	C	-	-	0	2063	0	1	0	654	0	0	0	177	0	0	0	10	0	0	0	0	0	0	0	0	0	0	0	0	0	0
0	2	0	-	1	21	21	T	T	-	-	0	0	0	2064	0	0	0	654	0	0	0	177	0	0	0	10	0	0	0	0	0	0	0	0	0	0	0	0
0	2	0	-	1	22	22	G	G	-	-	0	0	2063	0	0	0	653	0	0	0	177	0	0	0	10	0	0	0	0	0	0	0	0	0	0	0	0	0
0	2	0	-	1	23	23	G	G	-	-	0	0	2064	0	0	0	654	0	0	0	177	0	0	0	10	0	0	0	0	0	0	0	0	0	0	0	0	0
0	2	0	-	1	24	24	G	G	-	-	0	0	2064	0	0	0	654	0	0	0	177	0	0	0	10	0	0	0	0	0	0	0	0	0	0	0	0	0
0	2	0	-	1	25	25	T	T	-	-	0	3	1	2053	0	0	0	647	0	0	0	176	0	0	0	10	0	0	0	0	0	0	0	0	0	0	0	0
0	2	0	-	1	26	26	T	T	-	-	0	0	2	2059	0	0	0	651	0	0	0	177	0	0	0	10	0	0	0	0	0	0	0	0	0	0	0	0
0	2	0	-	1	27	27	G	G	-	-	0	0	2062	1	0	0	653	0	0	0	177	0	0	0	10	0	0	0	0	0	0	0	0	0	0	0	0	0
0	2	0	-	1	28	28	G	G	-	-	0	0	2063	0	0	0	653	0	0	0	176	0	0	0	10	0	0	0	0	0	0	0	0	0	0	0	0	0
0	2	0	-	1	29	29	A	A	-	-	2064	0	0	0	654	0	0	0	177	0	0	0	10	0	0	0	0	0	0	0	0	0	0	0	0	0	0	0
0	2	0	-	1	30	30	A	A	-	-	2060	0	0	2	652	0	0	0	177	0	0	0	10	0	0	0	0	0	0	0	0	0	0	0	0	0	0	0
0	2	0	-	1	31	31	A	A	-	-	2057	3	0	0	650	0	0	0	177	0	0	0	10	0	0	0	0	0	0	0	0	0	0	0	0	0	0	0
0	2	0	-	1	32	32	G	G	-	-	0	0	2061	2	0	0	653	0	0	0	177	0	0	0	10	0	0	0	0	0	0	0	0	0	0	0	0	0
0	2	0	-	1	33	33	G	G	-	-	1	0	2062	1	0	0	654	0	0	0	177	0	0	0	10	0	0	0	0	0	0	0	0	0	0	0	0	0
0	2	0	-	1	34	34	G	G	-	-	2	0	2062	0	0	0	654	0	0	0	177	0	0	0	10	0	0	0	0	0	0	0	0	0	0	0	0	0
0	2	0	-	1	35	35	C	C	-	-	0	2063	0	0	0	653	0	0	0	176	0	0	0	10	0	0	0	0	0	0	0	0	0	0	0	0	0	0
0	2	0	-	1	36	36	T	T	-	-	0	1	0	2061	0	0	0	652	0	0	0	176	0	0	0	10	0	0	0	0	0	0	0	0	0	0	0	0
0	2	0	-	1	37	37	C	C	-	-	1	2061	0	0	0	652	0	0	0	177	0	0	0	10	0	0	0	0	0	0	0	0	0	0	0	0	0	0
0	2	0	-	1	38	38	T	T	-	-	0	0	0	2063	0	0	0	653	0	0	0	176	0	0	0	10	0	0	0	0	0	0	0	0	0	0	0	0
0	2	0	-	1	39	39	G	G	-	-	0	0	2063	1	0	0	654	0	0	0	177	0	0	0	10	0	0	0	0	0	0	0	0	0	0	0	0	0
0	2	0	-	1	40	40	T	T	-	-	0	1	0	2063	0	0	0	654	0	0	0	177	0	0	0	10	0	0	0	0	0	0	0	0	0	0	0	0
0	2	0	-	1	41	41	A	A	-	-	2063	0	0	0	653	0	0	0	177	0	0	0	10	0	0	0	0	0	0	0	0	0	0	0	0	0	0	0
0	2	0	-	2	0	41	T	A	-	-	0	1	0	2062	0	0	0	653	0	0	0	177	0	0	0	10	0	0	0	0	0	0	0	0	0	0	0	0
0	2	0	-	2	1	40	A	T	-	-	2063	0	1	0	654	0	0	0	177	0	0	0	10	0	0	0	0	0	0	0	0	0	0	0	0	0	0	0
0	2	0	-	2	2	39	C	G	-	-	1	2063	0	0	0	654	0	0	0	177	0	0	0	10	0	0	0	0	0	0	0	0	0	0	0	0	0	0
0	2	0	-	2	3	38	A	T	-	-	2063	0	0	0	653	0	0	0	176	0	0	0	10	0	0	0	0	0	0	0	0	0	0	0	0	0	0	0
0	2	0	-	2	4	37	G	C	-	-	0	0	2062	1	0	0	653	0	0	0	177	0	0	0	10	0	0	0	0	0	0	0	0	0	0	0	0	0
0	2	0	-	2	5	36	A	T	-	-	2062	0	1	0	653	0	0	0	177	0	0	0	10	0	0	0	0	0	0	0	0	0	0	0	0	0	0	0
0	2	0	-	2	6	35	G	C	-	-	0	0	2063	0	0	0	653	0	0	0	176	0	0	0	10	0	0	0	0	0	0	0	0	0	0	0	0	0
0	2	0	-	2	7	34	C	G	-	-	0	2063	0	1	0	654	0	0	0	177	0	0	0	10	0	0	0	0	0	0	0	0	0	0	0	0	0	0
0	2	0	-	2	8	33	C	G	-	-	0	2062	0	1	0	653	0	0	0	177	0	0	0	10	0	0	0	0	0	0	0	0	0	0	0	0	0	0
0	2	0	-	2	9	32	C	G	-	-	2	2062	0	0	0	654	0	0	0	177	0	0	0	10	0	0	0	0	0	0	0	0	0	0	0	0	0	0
0	2	0	-	2	10	31	T	A	-	-	0	0	1	2063	0	0	0	654	0	0	0	177	0	0	0	10	0	0	0	0	0	0	0	0	0	0	0	0
0	2	0	-	2	11	30	T	A	-	-	0	0	0	2063	0	0	0	653	0	0	0	177	0	0	0	10	0	0	0	0	0	0	0	0	0	0	0	0
0	2	0	-	2	12	29	T	A	-	-	0	0	0	2064	0	0	0	654	0	0	0	177	0	0	0	10	0	0	0	0	0	0	0	0	0	0	0	0
0	2	0	-	2	13	28	C	G	-	-	1	2062	0	0	0	653	0	0	0	176	0	0	0	10	0	0	0	0	0	0	0	0	0	0	0	0	0	0
0	2	0	-	2	14	27	C	G	-	-	1	2062	0	1	0	654	0	0	0	177	0	0	0	10	0	0	0	0	0	0	0	0	0	0	0	0	0	0
0	2	0	-	2	15	26	A	T	-	-	2061	1	0	0	652	0	0	0	177	0	0	0	10	0	0	0	0	0	0	0	0	0	0	0	0	0	0	0
0	2	0	-	2	16	25	A	T	-	-	2063	0	0	0	653	0	0	0	176	0	0	0	10	0	0	0	0	0	0	0	0	0	0	0	0	0	0	0
0	2	0	-	2	17	24	C	G	-	-	1	2063	0	0	0	654	0	0	0	177	0	0	0	10	0	0	0	0	0	0	0	0	0	0	0	0	0	0
0	2	0	-	2	18	23	C	G	-	-	0	2064	0	0	0	654	0	0	0	177	0	0	0	10	0	0	0	0	0	0	0	0	0	0	0	0	0	0
0	2	0	-	2	19	22	C	G	-	-	1	2062	0	0	0	653	0	0	0	177	0	0	0	10	0	0	0	0	0	0	0	0	0	0	0	0	0	0
0	2	0	-	2	20	21	A	T	-	-	2064	0	0	0	654	0	0	0	177	0	0	0	10	0	0	0	0	0	0	0	0	0	0	0	0	0	0	0
0	2	0	-	2	21	20	G	C	-	-	1	0	2062	0	0	0	653	0	0	0	177	0	0	0	10	0	0	0	0	0	0	0	0	0	0	0	0	0
0	2	0	-	2	22	19	C	G	-	-	0	2063	0	0	0	653	0	0	0	177	0	0	0	10	0	0	0	0	0	0	0	0	0	0	0	0	0	0
0	2	0	-	2	23	18	A	T	-	-	2063	0	0	1	654	0	0	0	177	0	0	0	10	0	0	0	0	0	0	0	0	0	0	0	0	0	0	0
0	2	0	-	2	24	17	T	A	-	-	0	1	0	2063	0	0	0	654	0	0	0	177	0	0	0	10	0	0	0	0	0	0	0	0	0	0	0	0
0	2	0	-	2	25	16	T	A	-	-	1	1	0	2062	0	0	0	654	0	0	0	177	0	0	0	10	0	0	0	0	0	0	0	0	0	0	0	0
0	2	0	-	2	26	15	T	A	-	-	0	1	0	2062	0	0	0	653	0	0	0	177	0	0	0	10	0	0	0	0	0	0	0	0	0	0	0	0
0	2	0	-	2	27	14	C	G	-	-	0	2064	0	0	0	654	0	0	0	177	0	0	0	10	0	0	0	0	0	0	0	0	0	0	0	0	0	0
0	2	0	-	2	28	13	T	A	-	-	0	0	0	2063	0	0	0	653	0	0	0	176	0	0	0	10	0	0	0	0	0	0	0	0	0	0	0	0
0	2	0	-	2	29	12	A	T	-	-	2064	0	0	0	654	0	0	0	177	0	0	0	10	0	0	0	0	0	0	0	0	0	0	0	0	0	0	0
0	2	0	-	2	30	11	A	T	-	-	2063	1	0	0	654	0	0	0	177	0	0	0	10	0	0	0	0	0	0	0	0	0	0	0	0	0	0	0
0	2	0	-	2	31	10	T	A	-	-	0	0	0	2064	0	0	0	654	0	0	0	177	0	0	0	10	0	0	0	0	0	0	0	0	0	0	0	0
0	2	0	-	2	32	9	C	G	-	-	1	2062	0	0	0	653	0	0	0	177	0	0	0	10	0	0	0	0	0	0	0	0	0	0	0	0	0	0
0	2	0	-	2	33	8	A	T	-	-	2064	0	0	0	654	0	0	0	177	0	0	0	10	0	0	0	0	0	0	0	0	0	0	0	0	0	0	0
0	2	0	-	2	34	7	G	C	-	-	0	0	2062	2	0	0	654	0	0	0	177	0	0	0	10	0	0	0	0	0	0	0	0	0	0	0	0	0
0	2	0	-	2	35	6	G	C	-	-	0	0	2064	0	0	0	654	0	0	0	177	0	0	0	10	0	0	0	0	0	0	0	0	0	0	0	0	0
0	2	0	-	2	36	5	T	A	-	-	1	2	3	2047	0	0	0	643	0	0	0	175	0	0	0	10	0	0	0	0	0	0	0	0	0	0	0	0
0	2	0	-	2	37	4	A	T	-	-	2062	0	0	0	652	0	0	0	177	0	0	0	10	0	0	0	0	0	0	0	0	0	0	0	0	0	0	0
0	2	0	-	2	38	3	A	T	-	-	2064	0	0	0	654	0	0	0	177	0	0	0	10	0	0	0	0	0	0	0	0	0	0	0	0	0	0	0
2	2	0	-	2	39	2	G	C	A	T	0	0	2063	1	0	0	654	0	0	0	177	0	0	0	10	0	0	0	0	0	0	0	0	0	0	0	0	0
0	2	0	-	2	40	1	T	A	-	-	2	0	1	2059	0	0	0	652	0	0	0	176	0	0	0	10	0	0	0	0	0	0	0	0	0	0	0	0
0	2	0	-	2	41	0	T	A	-	-	0	0	0	2064	0	0	0	654	0	0	0	177	0	0	0	10	0	0	0	0	0	0	0	0	0	0	0	0
