target_base	locus_index	reference_index	target_strand	read_index	read_pos	template_pos	expected_read_base	expected_template_base	variant_read_base	variant_template_base	A1	C1	G1	T1	A2	C2	G2	T2	A3	C3	G3	T3	A5	C5	G5	T5	A10	C10	G10	T10	A15	C15	G15	T15	A20	C20	G20	T20
0	16	0	+	1	0	0	G	G	-	-	0	0	5083	0	0	0	3655	0	0	0	2367	0	0	0	734	0	0	0	8	0	0	0	0	0	0	0	0	0
0	16	0	+	1	1	1	C	C	-	-	0	5078	0	1	0	3651	0	0	0	2366	0	0	0	734	0	0	0	8	0	0	0	0	0	0	0	0	0	0
0	16	0	+	1	2	2	A	A	-	-	5081	0	1	0	3654	0	0	0	2366	0	0	0	734	0	0	0	8	0	0	0	0	0	0	0	0	0	0	0
0	16	0	+	1	3	3	G	G	-	-	0	0	5080	0	0	0	3652	0	0	0	2364	0	0	0	734	0	0	0	8	0	0	0	0	0	0	0	0	0
0	16	0	+	1	4	4	A	A	-	-	5082	0	0	0	3654	0	0	0	2367	0	0	0	734	0	0	0	8	0	0	0	0	0	0	0	0	0	0	0
0	16	0	+	1	5	5	A	A	-	-	5080	0	0	0	3652	0	0	0	2364	0	0	0	734	0	0	0	8	0	0	0	0	0	0	0	0	0	0	0
0	16	0	+	1	6	6	T	T	-	-	0	2	0	5079	0	0	0	3653	0	0	0	2367	0	0	0	734	0	0	0	8	0	0	0	0	0	0	0	0
0	16	0	+	1	7	7	G	G	-	-	0	0	5080	0	0	0	3652	0	0	0	2366	0	0	0	734	0	0	0	8	0	0	0	0	0	0	0	0	0
0	16	0	+	1	8	8	G	G	-	-	0	0	5082	0	0	0	3654	0	0	0	2366	0	0	0	734	0	0	0	8	0	0	0	0	0	0	0	0	0
0	16	0	+	1	9	9	T	T	-	-	1	2	0	5069	0	1	0	3643	0	1	0	2357	0	1	0	733	0	0	0	8	0	0	0	0	0	0	0	0
0	16	0	+	1	10	10	T	T	-	-	0	0	1	5075	0	0	0	3648	0	0	0	2362	0	0	0	734	0	0	0	8	0	0	0	0	0	0	0	0
0	16	0	+	1	11	11	T	T	-	-	1	0	0	5082	0	0	0	3655	0	0	0	2367	0	0	0	734	0	0	0	8	0	0	0	0	0	0	0	0
0	16	0	+	1	12	12	C	C	-	-	0	5080	0	1	0	3653	0	0	0	2367	0	0	0	734	0	0	0	8	0	0	0	0	0	0	0	0	0	0
0	16	0	+	1	13	13	A	A	-	-	5080	0	0	0	3652	0	0	0	2365	0	0	0	734	0	0	0	8	0	0	0	0	0	0	0	0	0	0	0
0	16	0	+	1	14	14	C	C	-	-	1	5077	0	1	0	3651	0	0	0	2364	0	0	0	734	0	0	0	8	0	0	0	0	0	0	0	0	0	0
0	16	0	+	1	15	15	C	C	-	-	0	5075	0	1	0	3648	0	0	0	2363	0	0	0	734	0	0	0	8	0	0	0	0	0	0	0	0	0	0
0	16	0	+	1	16	16	A	A	-	-	5082	0	0	0	3654	0	0	0	2367	0	0	0	734	0	0	0	8	0	0	0	0	0	0	0	0	0	0	0
0	16	0	+	1	17	17	T	T	-	-	1	0	0	5079	0	0	0	3652	0	0	0	2365	0	0	0	734	0	0	0	8	0	0	0	0	0	0	0	0
0	16	0	+	1	18	18	G	G	-	-	0	0	5083	0	0	0	3655	0	0	0	2367	0	0	0	734	0	0	0	8	0	0	0	0	0	0	0	0	0
0	16	0	+	1	19	19	T	T	-	-	1	0	1	5072	0	0	0	3646	0	0	0	2360	0	0	0	734	0	0	0	8	0	0	0	0	0	0	0	0
0	16	0	+	1	20	20	T	T	-	-	0	0	0	5083	0	0	0	3655	0	0	0	2368	0	0	0	734	0	0	0	8	0	0	0	0	0	0	0	0
0	16	0	+	1	21	21	A	A	-	-	5079	0	0	0	3651	0	0	0	2365	0	0	0	734	0	0	0	8	0	0	0	0	0	0	0	0	0	0	0
0	16	0	+	1	22	22	G	G	-	-	0	0	5076	1	0	0	3649	0	0	0	2361	0	0	0	734	0	0	0	8	0	0	0	0	0	0	0	0	0
0	16	0	+	1	23	23	G	G	-	-	0	0	5080	1	0	0	3653	0	0	0	2366	0	0	0	734	0	0	0	8	0	0	0	0	0	0	0	0	0
0	16	0	+	1	24	24	T	T	-	-	0	2	1	5060	0	0	0	3635	0	0	0	2357	0	0	0	734	0	0	0	8	0	0	0	0	0	0	0	0
0	16	0	+	1	25	25	G	G	-	-	0	0	5081	0	0	0	3653	0	0	0	2365	0	0	0	734	0	0	0	8	0	0	0	0	0	0	0	0	0
0	16	0	+	1	26	26	G	G	-	-	1	0	5072	0	0	0	3645	0	0	0	2363	0	0	0	733	0	0	0	8	0	0	0	0	0	0	0	0	0
0	16	0	+	1	27	27	C	C	-	-	1	5076	0	2	0	3651	0	0	0	2365	0	0	0	734	0	0	0	8	0	0	0	0	0	0	0	0	0	0
0	16	0	+	1	28	28	A	A	-	-	5079	0	0	0	3651	0	0	0	2365	0	0	0	734	0	0	0	8	0	0	0	0	0	0	0	0	0	0	0
0	16	0	+	1	29	29	C	C	-	-	0	5082	0	0	0	3654	0	0	0	2367	0	0	0	734	0	0	0	8	0	0	0	0	0	0	0	0	0	0
0	16	0	+	1	30	30	T	T	-	-	0	0	0	5084	0	0	0	3656	0	0	0	2368	0	0	0	734	0	0	0	8	0	0	0	0	0	0	0	0
0	16	0	+	1	31	31	A	A	-	-	5079	1	1	1	3654	0	0	0	2367	0	0	0	734	0	0	0	8	0	0	0	0	0	0	0	0	0	0	0
0	16	0	+	1	32	32	T	T	-	-	0	0	0	5084	0	0	0	3656	0	0	0	2368	0	0	0	734	0	0	0	8	0	0	0	0	0	0	0	0
0	16	0	+	1	33	33	T	T	-	-	0	1	0	5083	0	0	0	3656	0	0	0	2368	0	0	0	734	0	0	0	8	0	0	0	0	0	0	0	0
2	16	0	+	1	34	34	G	G	A	A	16	0	5052	0	10	0	3630	0	6	0	2354	0	2	0	732	0	0	0	8	0	0	0	0	0	0	0	0	0
0	16	0	+	1	35	35	C	C	-	-	0	5071	0	2	0	3645	0	0	0	2361	0	0	0	734	0	0	0	8	0	0	0	0	0	0	0	0	0	0
0	16	0	+	1	36	36	C	C	-	-	0	5076	0	1	0	3648	0	1	0	2363	0	1	0	733	0	0	0	8	0	0	0	0	0	0	0	0	0	0
0	16	0	+	1	37	37	G	G	-	-	1	0	5078	0	0	0	3651	0	0	0	2363	0	0	0	734	0	0	0	8	0	0	0	0	0	0	0	0	0
0	16	0	+	1	38	38	T	T	-	-	0	1	0	5073	0	0	0	3646	0	0	0	2360	0	0	0	734	0	0	0	8	0	0	0	0	0	0	0	0
0	16	0	+	2	0	38	A	T	-	-	5080	0	1	0	3653	0	0	0	2367	0	0	0	734	0	0	0	8	0	0	0	0	0	0	0	0	0	0	0
0	16	0	+	2	1	37	C	G	-	-	0	5079	0	1	0	3652	0	0	0	2364	0	0	0	734	0	0	0	8	0	0	0	0	0	0	0	0	0	0
0	16	0	+	2	2	36	G	C	-	-	1	0	5077	1	1	0	3650	0	1	0	2363	0	0	0	733	0	0	0	8	0	0	0	0	0	0	0	0	0
0	16	0	+	2	3	35	G	C	-	-	2	0	5068	0	0	0	3642	0	0	0	2359	0	0	0	734	0	0	0	8	0	0	0	0	0	0	0	0	0
2	16	0	+	2	4	34	C	G	T	A	0	5065	0	14	0	3641	0	10	0	2360	0	6	0	732	0	2	0	8	0	0	0	0	0	0	0	0	0	0
0	16	0	+	2	5	33	A	T	-	-	5079	2	1	0	3653	1	0	0	2367	0	0	0	734	0	0	0	8	0	0	0	0	0	0	0	0	0	0	0
0	16	0	+	2	6	32	A	T	-	-	5084	0	0	0	3656	0	0	0	2368	0	0	0	734	0	0	0	8	0	0	0	0	0	0	0	0	0	0	0
0	16	0	+	2	7	31	T	A	-	-	1	1	0	5082	0	0	0	3656	0	0	0	2368	0	0	0	734	0	0	0	8	0	0	0	0	0	0	0	0
0	16	0	+	2	8	30	A	T	-	-	5084	0	0	0	3656	0	0	0	2368	0	0	0	734	0	0	0	8	0	0	0	0	0	0	0	0	0	0	0
0	16	0	+	2	9	29	G	C	-	-	0	0	5083	0	0	0	3655	0	0	0	2367	0	0	0	734	0	0	0	8	0	0	0	0	0	0	0	0	0
0	16	0	+	2	10	28	T	A	-	-	1	1	2	5058	0	0	0	3634	0	0	0	2352	0	0	0	734	0	0	0	8	0	0	0	0	0	0	0	0
0	16	0	+	2	11	27	G	C	-	-	2	0	5077	1	0	0	3652	0	0	0	2366	0	0	0	734	0	0	0	8	0	0	0	0	0	0	0	0	0
0	16	0	+	2	12	26	C	G	-	-	0	5070	0	1	0	3643	0	0	0	2362	0	0	0	733	0	0	0	8	0	0	0	0	0	0	0	0	0	0
0	16	0	+	2	13	25	C	G	-	-	1	5078	0	1	0	3652	0	0	0	2365	0	0	0	734	0	0	0	8	0	0	0	0	0	0	0	0	0	0
0	16	0	+	2	14	24	A	T	-	-	5081	0	1	0	3654	0	0	0	2367	0	0	0	734	0	0	0	8	0	0	0	0	0	0	0	0	0	0	0
0	16	0	+	2	15	23	C	G	-	-	2	5079	0	1	0	3654	0	0	0	2367	0	0	0	734	0	0	0	8	0	0	0	0	0	0	0	0	0	0
0	16	0	+	2	16	22	C	G	-	-	0	5079	0	0	0	3651	0	0	0	2363	0	0	0	734	0	0	0	8	0	0	0	0	0	0	0	0	0	0
0	16	0	+	2	17	21	T	A	-	-	0	0	0	5080	0	0	0	3652	0	0	0	2366	0	0	0	734	0	0	0	8	0	0	0	0	0	0	0	0
0	16	0	+	2	18	20	A	T	-	-	5083	0	0	0	3655	0	0	0	2368	0	0	0	734	0	0	0	8	0	0	0	0	0	0	0	0	0	0	0
0	16	0	+	2	19	19	A	T	-	-	5084	0	0	0	3656	0	0	0	2368	0	0	0	734	0	0	0	8	0	0	0	0	0	0	0	0	0	0	0
0	16	0	+	2	20	18	C	G	-	-	0	5083	0	0	0	3655	0	0	0	2367	0	0	0	734	0	0	0	8	0	0	0	0	0	0	0	0	0	0
0	16	0	+	2	21	17	A	T	-	-	5080	0	0	0	3652	0	0	0	2366	0	0	0	734	0	0	0	8	0	0	0	0	0	0	0	0	0	0	0
0	16	0	+	2	22	16	T	A	-	-	0	0	0	5083	0	0	0	3655	0	0	0	2367	0	0	0	734	0	0	0	8	0	0	0	0	0	0	0	0
0	16	0	+	2	23	15	G	C	-	-	1	0	5076	1	0	0	3650	0	0	0	2363	0	0	0	734	0	0	0	8	0	0	0	0	0	0	0	0	0
0	16	0	+	2	24	14	G	C	-	-	1	0	5072	1	0	0	3646	0	0	0	2362	0	0	0	734	0	0	0	8	0	0	0	0	0	0	0	0	0
0	16	0	+	2	25	13	T	A	-	-	3	2	2	5027	0	0	0	3606	0	0	0	2331	0	0	0	733	0	0	0	8	0	0	0	0	0	0	0	0
0	16	0	+	2	26	12	G	C	-	-	1	0	5079	0	0	0	3652	0	0	0	2366	0	0	0	734	0	0	0	8	0	0	0	0	0	0	0	0	0
0	16	0	+	2	27	11	A	T	-	-	5082	0	0	0	3654	0	0	0	2366	0	0	0	734	0	0	0	8	0	0	0	0	0	0	0	0	0	0	0
0	16	0	+	2	28	10	A	T	-	-	5082	0	0	0	3654	0	0	0	2366	0	0	0	734	0	0	0	8	0	0	0	0	0	0	0	0	0	0	0
0	16	0	+	2	29	9	A	T	-	-	5082	0	1	0	3654	0	1	0	2366	0	1	0	733	0	1	0	8	0	0	0	0	0	0	0	0	0	0	0
0	16	0	+	2	30	8	C	G	-	-	1	5081	0	0	0	3654	0	0	0	2366	0	0	0	734	0	0	0	8	0	0	0	0	0	0	0	0	0	0
0	16	0	+	2	31	7	C	G	-	-	0	5078	0	0	0	3650	0	0	0	2364	0	0	0	734	0	0	0	8	0	0	0	0	0	0	0	0	0	0
0	16	0	+	2	32	6	A	T	-	-	5079	0	2	1	3654	0	0	0	2367	0	0	0	734	0	0	0	8	0	0	0	0	0	0	0	0	0	0	0
0	16	0	+	2	33	5	T	A	-	-	0	0	0	5081	0	0	0	3653	0	0	0	2366	0	0	0	734	0	0	0	8	0	0	0	0	0	0	0	0
0	16	0	+	2	34	4	T	A	-	-	0	0	0	5081	0	0	0	3653	0	0	0	2366	0	0	0	734	0	0	0	8	0	0	0	0	0	0	0	0
0	16	0	+	2	35	3	C	G	-	-	0	5079	0	0	0	3651	0	0	0	2363	0	0	0	734	0	0	0	8	0	0	0	0	0	0	0	0	0	0
0	16	0	+	2	36	2	T	A	-	-	0	1	1	5076	0	0	0	3650	0	0	0	2363	0	0	0	734	0	0	0	8	0	0	0	0	0	0	0	0
0	16	0	+	2	37	1	G	C	-	-	2	0	5078	0	0	0	3652	0	0	0	2366	0	0	0	734	0	0	0	8	0	0	0	0	0	0	0	0	0
0	16	0	+	2	38	0	C	G	-	-	0	5083	0	0	0	3655	0	0	0	2367	0	0	0	734	0	0	0	8	0	0	0	0	0	0	0	0	0	0
