target_base	locus_index	reference_index	target_strand	read_index	read_pos	template_pos	expected_read_base	expected_template_base	variant_read_base	variant_template_base	A1	C1	G1	T1	A2	C2	G2	T2	A3	C3	G3	T3	A5	C5	G5	T5	A10	C10	G10	T10	A15	C15	G15	T15	A20	C20	G20	T20
0	14	0	-	1	0	0	A	A	-	-	4275	0	0	1	3082	0	0	0	1937	0	0	0	594	0	0	0	9	0	0	0	0	0	0	0	0	0	0	0
2	14	0	-	1	1	1	T	T	G	G	1	0	2	4272	0	0	2	3079	0	0	1	1936	0	0	0	594	0	0	0	9	0	0	0	0	0	0	0	0
0	14	0	-	1	2	2	G	G	-	-	0	0	4271	0	0	0	3077	0	0	0	1934	0	0	0	594	0	0	0	9	0	0	0	0	0	0	0	0	0
0	14	0	-	1	3	3	A	A	-	-	4275	0	0	0	3081	0	0	0	1936	0	0	0	594	0	0	0	9	0	0	0	0	0	0	0	0	0	0	0
0	14	0	-	1	4	4	T	T	-	-	0	0	0	4272	0	0	0	3078	0	0	0	1934	0	0	0	594	0	0	0	9	0	0	0	0	0	0	0	0
0	14	0	-	1	5	5	G	G	-	-	0	1	4268	1	0	0	3075	1	0	0	1934	1	0	0	594	0	0	0	9	0	0	0	0	0	0	0	0	0
0	14	0	-	1	6	6	C	C	-	-	1	4268	0	1	0	3075	0	1	0	1932	0	0	0	593	0	0	0	9	0	0	0	0	0	0	0	0	0	0
0	14	0	-	1	7	7	A	A	-	-	4275	0	0	0	3081	0	0	0	1937	0	0	0	594	0	0	0	9	0	0	0	0	0	0	0	0	0	0	0
0	14	0	-	1	8	8	C	C	-	-	1	4275	0	0	0	3082	0	0	0	1937	0	0	0	594	0	0	0	9	0	0	0	0	0	0	0	0	0	0
0	14	0	-	1	9	9	A	A	-	-	4275	0	0	0	3081	0	0	0	1937	0	0	0	594	0	0	0	9	0	0	0	0	0	0	0	0	0	0	0
0	14	0	-	1	10	10	G	G	-	-	0	0	4266	1	0	0	3073	0	0	0	1932	0	0	0	594	0	0	0	9	0	0	0	0	0	0	0	0	0
0	14	0	-	1	11	11	T	T	-	-	0	3	0	4261	0	0	0	3070	0	0	0	1929	0	0	0	594	0	0	0	9	0	0	0	0	0	0	0	0
0	14	0	-	1	12	12	A	A	-	-	4273	0	0	0	3079	0	0	0	1936	0	0	0	594	0	0	0	9	0	0	0	0	0	0	0	0	0	0	0
0	14	0	-	1	13	13	G	G	-	-	0	0	4270	0	0	0	3076	0	0	0	1933	0	0	0	594	0	0	0	9	0	0	0	0	0	0	0	0	0
0	14	0	-	1	14	14	T	T	-	-	1	1	2	4240	0	0	0	3050	0	0	0	1914	0	0	0	593	0	0	0	9	0	0	0	0	0	0	0	0
0	14	0	-	1	15	15	G	G	-	-	0	0	4273	0	0	0	3079	0	0	0	1934	0	0	0	594	0	0	0	9	0	0	0	0	0	0	0	0	0
0	14	0	-	1	16	16	A	A	-	-	4273	0	1	0	3080	0	0	0	1936	0	0	0	594	0	0	0	9	0	0	0	0	0	0	0	0	0	0	0
0	14	0	-	1	17	17	A	A	-	-	4273	0	0	0	3079	0	0	0	1934	0	0	0	594	0	0	0	9	0	0	0	0	0	0	0	0	0	0	0
0	14	0	-	1	18	18	C	C	-	-	1	4272	0	0	0	3079	0	0	0	1934	0	0	0	594	0	0	0	9	0	0	0	0	0	0	0	0	0	0
0	14	0	-	1	19	19	C	C	-	-	0	4272	0	0	0	3078	0	0	0	1936	0	0	0	594	0	0	0	9	0	0	0	0	0	0	0	0	0	0
0	14	0	-	1	20	20	T	T	-	-	0	0	0	4274	0	0	0	3080	0	0	0	1936	0	0	0	594	0	0	0	9	0	0	0	0	0	0	0	0
0	14	0	-	1	21	21	A	A	-	-	4273	0	0	0	3079	0	0	0	1936	0	0	0	594	0	0	0	9	0	0	0	0	0	0	0	0	0	0	0
0	14	0	-	1	22	22	T	T	-	-	0	1	0	4273	0	0	0	3080	0	0	0	1935	0	0	0	594	0	0	0	9	0	0	0	0	0	0	0	0
0	14	0	-	1	23	23	C	C	-	-	1	4273	0	1	0	3081	0	0	0	1937	0	0	0	594	0	0	0	9	0	0	0	0	0	0	0	0	0	0
0	14	0	-	1	24	24	C	C	-	-	0	4275	0	0	0	3081	0	0	0	1937	0	0	0	594	0	0	0	9	0	0	0	0	0	0	0	0	0	0
0	14	0	-	1	25	25	C	C	-	-	0	4273	0	0	0	3079	0	0	0	1934	0	0	0	594	0	0	0	9	0	0	0	0	0	0	0	0	0	0
0	14	0	-	1	26	26	C	C	-	-	2	4269	0	1	0	3077	0	1	0	1934	0	0	0	594	0	0	0	9	0	0	0	0	0	0	0	0	0	0
0	14	0	-	1	27	27	C	C	-	-	1	4271	0	0	0	3078	0	0	0	1935	0	0	0	594	0	0	0	9	0	0	0	0	0	0	0	0	0	0
0	14	0	-	1	28	28	C	C	-	-	0	4270	0	2	0	3078	0	0	0	1936	0	0	0	594	0	0	0	9	0	0	0	0	0	0	0	0	0	0
0	14	0	-	1	29	29	A	A	-	-	4274	0	0	0	3080	0	0	0	1936	0	0	0	594	0	0	0	9	0	0	0	0	0	0	0	0	0	0	0
0	14	0	-	1	30	30	A	A	-	-	4273	0	0	0	3079	0	0	0	1934	0	0	0	594	0	0	0	9	0	0	0	0	0	0	0	0	0	0	0
0	14	0	-	1	31	31	A	A	-	-	4273	0	0	1	3080	0	0	0	1937	0	0	0	594	0	0	0	9	0	0	0	0	0	0	0	0	0	0	0
0	14	0	-	1	32	32	T	T	-	-	0	0	0	4276	0	0	0	3082	0	0	0	1937	0	0	0	594	0	0	0	9	0	0	0	0	0	0	0	0
0	14	0	-	1	33	33	G	G	-	-	0	0	4274	0	0	0	3080	0	0	0	1936	0	0	0	594	0	0	0	9	0	0	0	0	0	0	0	0	0
0	14	0	-	1	34	34	T	T	-	-	3	1	1	4261	0	0	0	3072	0	0	0	1932	0	0	0	594	0	0	0	9	0	0	0	0	0	0	0	0
0	14	0	-	1	35	35	A	A	-	-	4274	0	0	0	3080	0	0	0	1937	0	0	0	594	0	0	0	9	0	0	0	0	0	0	0	0	0	0	0
0	14	0	-	1	36	36	T	T	-	-	1	0	0	4275	0	0	0	3082	0	0	0	1937	0	0	0	594	0	0	0	9	0	0	0	0	0	0	0	0
0	14	0	-	1	37	37	T	T	-	-	0	0	0	4275	0	0	0	3081	0	0	0	1937	0	0	0	594	0	0	0	9	0	0	0	0	0	0	0	0
0	14	0	-	1	38	38	T	T	-	-	0	0	0	4274	0	0	0	3080	0	0	0	1935	0	0	0	594	0	0	0	9	0	0	0	0	0	0	0	0
0	14	0	-	2	0	38	A	T	-	-	4273	0	0	0	3079	0	0	0	1935	0	0	0	594	0	0	0	9	0	0	0	0	0	0	0	0	0	0	0
0	14	0	-	2	1	37	A	T	-	-	4274	0	0	0	3080	0	0	0	1936	0	0	0	594	0	0	0	9	0	0	0	0	0	0	0	0	0	0	0
0	14	0	-	2	2	36	A	T	-	-	4273	1	0	1	3081	0	0	0	1936	0	0	0	594	0	0	0	9	0	0	0	0	0	0	0	0	0	0	0
0	14	0	-	2	3	35	T	A	-	-	0	0	0	4276	0	0	0	3082	0	0	0	1937	0	0	0	594	0	0	0	9	0	0	0	0	0	0	0	0
0	14	0	-	2	4	34	A	T	-	-	4275	0	0	1	3082	0	0	0	1937	0	0	0	594	0	0	0	9	0	0	0	0	0	0	0	0	0	0	0
0	14	0	-	2	5	33	C	G	-	-	0	4270	0	0	0	3076	0	0	0	1934	0	0	0	594	0	0	0	9	0	0	0	0	0	0	0	0	0	0
0	14	0	-	2	6	32	A	T	-	-	4275	0	0	0	3081	0	0	0	1937	0	0	0	594	0	0	0	9	0	0	0	0	0	0	0	0	0	0	0
0	14	0	-	2	7	31	T	A	-	-	1	0	0	4275	0	0	0	3082	0	0	0	1937	0	0	0	594	0	0	0	9	0	0	0	0	0	0	0	0
0	14	0	-	2	8	30	T	A	-	-	0	0	0	4276	0	0	0	3082	0	0	0	1937	0	0	0	594	0	0	0	9	0	0	0	0	0	0	0	0
0	14	0	-	2	9	29	T	A	-	-	0	0	0	4274	0	0	0	3080	0	0	0	1936	0	0	0	594	0	0	0	9	0	0	0	0	0	0	0	0
0	14	0	-	2	10	28	G	C	-	-	1	0	4270	0	0	0	3077	0	0	0	1935	0	0	0	594	0	0	0	9	0	0	0	0	0	0	0	0	0
0	14	0	-	2	11	27	G	C	-	-	0	0	4269	1	0	0	3076	0	0	0	1935	0	0	0	594	0	0	0	9	0	0	0	0	0	0	0	0	0
0	14	0	-	2	12	26	G	C	-	-	1	0	4270	1	1	0	3077	0	0	0	1933	0	0	0	594	0	0	0	9	0	0	0	0	0	0	0	0	0
0	14	0	-	2	13	25	G	C	-	-	0	0	4272	0	0	0	3078	0	0	0	1933	0	0	0	594	0	0	0	9	0	0	0	0	0	0	0	0	0
0	14	0	-	2	14	24	G	C	-	-	0	0	4275	0	0	0	3081	0	0	0	1937	0	0	0	594	0	0	0	9	0	0	0	0	0	0	0	0	0
0	14	0	-	2	15	23	G	C	-	-	1	0	4273	1	0	0	3081	0	0	0	1936	0	0	0	594	0	0	0	9	0	0	0	0	0	0	0	0	0
0	14	0	-	2	16	22	A	T	-	-	4272	0	1	0	3079	0	0	0	1934	0	0	0	594	0	0	0	9	0	0	0	0	0	0	0	0	0	0	0
0	14	0	-	2	17	21	T	A	-	-	0	0	0	4275	0	0	0	3081	0	0	0	1937	0	0	0	594	0	0	0	9	0	0	0	0	0	0	0	0
0	14	0	-	2	18	20	A	T	-	-	4273	1	0	0	3080	0	0	0	1935	0	0	0	594	0	0	0	9	0	0	0	0	0	0	0	0	0	0	0
0	14	0	-	2	19	19	G	C	-	-	0	0	4274	0	0	0	3080	0	0	0	1937	0	0	0	594	0	0	0	9	0	0	0	0	0	0	0	0	0
0	14	0	-	2	20	18	G	C	-	-	0	0	4273	1	0	0	3080	0	0	0	1935	0	0	0	594	0	0	0	9	0	0	0	0	0	0	0	0	0
0	14	0	-	2	21	17	T	A	-	-	1	1	2	4244	0	0	0	3054	0	0	0	1917	0	0	0	594	0	0	0	9	0	0	0	0	0	0	0	0
0	14	0	-	2	22	16	T	A	-	-	0	1	0	4273	0	0	0	3080	0	0	0	1935	0	0	0	594	0	0	0	9	0	0	0	0	0	0	0	0
0	14	0	-	2	23	15	C	G	-	-	0	4272	0	0	0	3078	0	0	0	1933	0	0	0	594	0	0	0	9	0	0	0	0	0	0	0	0	0	0
0	14	0	-	2	24	14	A	T	-	-	4271	0	0	0	3077	0	0	0	1933	0	0	0	594	0	0	0	9	0	0	0	0	0	0	0	0	0	0	0
0	14	0	-	2	25	13	C	G	-	-	0	4273	0	0	0	3079	0	0	0	1936	0	0	0	594	0	0	0	9	0	0	0	0	0	0	0	0	0	0
0	14	0	-	2	26	12	T	A	-	-	0	0	0	4272	0	0	0	3078	0	0	0	1935	0	0	0	594	0	0	0	9	0	0	0	0	0	0	0	0
0	14	0	-	2	27	11	A	T	-	-	4273	0	2	0	3081	0	0	0	1936	0	0	0	594	0	0	0	9	0	0	0	0	0	0	0	0	0	0	0
0	14	0	-	2	28	10	C	G	-	-	0	4276	0	0	0	3082	0	0	0	1937	0	0	0	594	0	0	0	9	0	0	0	0	0	0	0	0	0	0
0	14	0	-	2	29	9	T	A	-	-	0	0	0	4275	0	0	0	3081	0	0	0	1937	0	0	0	594	0	0	0	9	0	0	0	0	0	0	0	0
0	14	0	-	2	30	8	G	C	-	-	0	0	4274	0	0	0	3080	0	0	0	1936	0	0	0	594	0	0	0	9	0	0	0	0	0	0	0	0	0
0	14	0	-	2	31	7	T	A	-	-	2	0	1	4257	0	0	0	3066	0	0	0	1925	0	0	0	594	0	0	0	9	0	0	0	0	0	0	0	0
0	14	0	-	2	32	6	G	C	-	-	1	0	4265	0	1	0	3071	0	0	0	1929	0	0	0	593	0	0	0	9	0	0	0	0	0	0	0	0	0
0	14	0	-	2	33	5	C	G	-	-	2	4265	1	1	1	3074	0	0	1	1933	0	0	0	594	0	0	0	9	0	0	0	0	0	0	0	0	0	0
0	14	0	-	2	34	4	A	T	-	-	4272	0	0	0	3078	0	0	0	1934	0	0	0	594	0	0	0	9	0	0	0	0	0	0	0	0	0	0	0
0	14	0	-	2	35	3	T	A	-	-	0	0	0	4273	0	0	0	3079	0	0	0	1935	0	0	0	594	0	0	0	9	0	0	0	0	0	0	0	0
0	14	0	-	2	36	2	C	G	-	-	0	4272	0	0	0	3078	0	0	0	1934	0	0	0	594	0	0	0	9	0	0	0	0	0	0	0	0	0	0
2	14	0	-	2	37	1	A	T	C	G	4273	2	0	0	3079	2	0	0	1936	1	0	0	594	0	0	0	9	0	0	0	0	0	0	0	0	0	0	0
0	14	0	-	2	38	0	T	A	-	-	0	0	0	4276	0	0	0	3082	0	0	0	1937	0	0	0	594	0	0	0	9	0	0	0	0	0	0	0	0
