target_base	locus_index	reference_index	target_strand	read_index	read_pos	template_pos	expected_read_base	expected_template_base	variant_read_base	variant_template_base	A1	C1	G1	T1	A2	C2	G2	T2	A3	C3	G3	T3	A5	C5	G5	T5	A10	C10	G10	T10	A15	C15	G15	T15	A20	C20	G20	T20
0	29	0	+	1	0	0	A	A	-	-	4256	0	1	0	3033	0	0	0	1884	0	0	0	578	0	0	0	23	0	0	0	0	0	0	0	0	0	0	0
0	29	0	+	1	1	1	A	A	-	-	4258	0	0	0	3034	0	0	0	1885	0	0	0	578	0	0	0	23	0	0	0	0	0	0	0	0	0	0	0
0	29	0	+	1	2	2	A	A	-	-	4256	1	1	0	3034	0	0	0	1886	0	0	0	578	0	0	0	23	0	0	0	0	0	0	0	0	0	0	0
0	29	0	+	1	3	3	T	T	-	-	0	0	0	4256	0	0	0	3032	0	0	0	1887	0	0	0	578	0	0	0	23	0	0	0	0	0	0	0	0
0	29	0	+	1	4	4	T	T	-	-	0	0	0	4261	0	0	0	3037	0	0	0	1888	0	0	0	578	0	0	0	23	0	0	0	0	0	0	0	0
2	29	0	+	1	5	5	C	C	A	A	9	4249	0	0	4	3030	0	0	3	1884	0	0	2	576	0	0	0	23	0	0	0	0	0	0	0	0	0	0
0	29	0	+	1	6	6	T	T	-	-	0	0	0	4257	0	0	0	3033	0	0	0	1885	0	0	0	578	0	0	0	23	0	0	0	0	0	0	0	0
0	29	0	+	1	7	7	G	G	-	-	1	0	4260	0	0	0	3037	0	0	0	1888	0	0	0	578	0	0	0	23	0	0	0	0	0	0	0	0	0
0	29	0	+	1	8	8	G	G	-	-	0	0	4259	1	0	0	3036	0	0	0	1887	0	0	0	578	0	0	0	23	0	0	0	0	0	0	0	0	0
0	29	0	+	1	9	9	A	A	-	-	4253	0	1	1	3031	0	0	0	1882	0	0	0	578	0	0	0	23	0	0	0	0	0	0	0	0	0	0	0
0	29	0	+	1	10	10	A	A	-	-	4258	0	0	0	3034	0	0	0	1887	0	0	0	578	0	0	0	23	0	0	0	0	0	0	0	0	0	0	0
0	29	0	+	1	11	11	A	A	-	-	4259	0	0	0	3035	0	0	0	1888	0	0	0	578	0	0	0	23	0	0	0	0	0	0	0	0	0	0	0
0	29	0	+	1	12	12	C	C	-	-	0	4260	0	0	0	3036	0	0	0	1887	0	0	0	578	0	0	0	23	0	0	0	0	0	0	0	0	0	0
0	29	0	+	1	13	13	T	T	-	-	0	1	0	4260	0	0	0	3037	0	0	0	1888	0	0	0	578	0	0	0	23	0	0	0	0	0	0	0	0
0	29	0	+	1	14	14	C	C	-	-	0	4255	1	0	0	3032	0	0	0	1885	0	0	0	578	0	0	0	23	0	0	0	0	0	0	0	0	0	0
0	29	0	+	1	15	15	A	A	-	-	4255	0	3	0	3034	0	0	0	1885	0	0	0	578	0	0	0	23	0	0	0	0	0	0	0	0	0	0	0
0	29	0	+	1	16	16	G	G	-	-	1	0	4257	0	0	0	3034	0	0	0	1886	0	0	0	578	0	0	0	23	0	0	0	0	0	0	0	0	0
0	29	0	+	1	17	17	T	T	-	-	0	0	0	4251	0	0	0	3027	0	0	0	1884	0	0	0	578	0	0	0	23	0	0	0	0	0	0	0	0
0	29	0	+	1	18	18	A	A	-	-	4257	0	1	1	3035	0	0	0	1886	0	0	0	578	0	0	0	23	0	0	0	0	0	0	0	0	0	0	0
0	29	0	+	1	19	19	C	C	-	-	1	4258	0	1	0	3036	0	0	0	1888	0	0	0	578	0	0	0	23	0	0	0	0	0	0	0	0	0	0
0	29	0	+	1	20	20	A	A	-	-	4257	0	0	0	3033	0	0	0	1884	0	0	0	578	0	0	0	23	0	0	0	0	0	0	0	0	0	0	0
0	29	0	+	1	21	21	T	T	-	-	0	1	0	4257	0	1	0	3033	0	1	0	1886	0	1	0	577	0	0	0	23	0	0	0	0	0	0	0	0
0	29	0	+	1	22	22	A	A	-	-	4258	0	0	0	3034	0	0	0	1886	0	0	0	578	0	0	0	23	0	0	0	0	0	0	0	0	0	0	0
0	29	0	+	1	23	23	T	T	-	-	0	0	0	4261	0	0	0	3037	0	0	0	1888	0	0	0	578	0	0	0	23	0	0	0	0	0	0	0	0
0	29	0	+	1	24	24	G	G	-	-	0	0	4258	0	0	0	3034	0	0	0	1886	0	0	0	578	0	0	0	23	0	0	0	0	0	0	0	0	0
0	29	0	+	1	25	25	G	G	-	-	0	0	4256	1	0	0	3033	0	0	0	1885	0	0	0	578	0	0	0	23	0	0	0	0	0	0	0	0	0
0	29	0	+	1	26	26	G	G	-	-	0	0	4257	0	0	0	3033	0	0	0	1886	0	0	0	578	0	0	0	23	0	0	0	0	0	0	0	0	0
0	29	0	+	1	27	27	A	A	-	-	4257	0	0	0	3033	0	0	0	1887	0	0	0	578	0	0	0	23	0	0	0	0	0	0	0	0	0	0	0
0	29	0	+	1	28	28	G	G	-	-	0	0	4258	0	0	0	3034	0	0	0	1885	0	0	0	578	0	0	0	23	0	0	0	0	0	0	0	0	0
0	29	0	+	1	29	29	A	A	-	-	4260	0	0	0	3036	0	0	0	1888	0	0	0	578	0	0	0	23	0	0	0	0	0	0	0	0	0	0	0
0	29	0	+	1	30	30	A	A	-	-	4255	0	0	0	3031	0	0	0	1885	0	0	0	578	0	0	0	23	0	0	0	0	0	0	0	0	0	0	0
0	29	0	+	1	31	31	G	G	-	-	0	0	4255	1	0	0	3032	0	0	0	1884	0	0	0	578	0	0	0	23	0	0	0	0	0	0	0	0	0
0	29	0	+	1	32	32	G	G	-	-	0	0	4253	0	0	0	3029	0	0	0	1882	0	0	0	578	0	0	0	23	0	0	0	0	0	0	0	0	0
0	29	0	+	1	33	33	C	C	-	-	0	4253	0	1	0	3030	0	0	0	1882	0	0	0	578	0	0	0	23	0	0	0	0	0	0	0	0	0	0
0	29	0	+	1	34	34	A	A	-	-	4260	0	0	0	3036	0	0	0	1888	0	0	0	578	0	0	0	23	0	0	0	0	0	0	0	0	0	0	0
0	29	0	+	1	35	35	A	A	-	-	4259	0	0	0	3035	0	0	0	1886	0	0	0	578	0	0	0	23	0	0	0	0	0	0	0	0	0	0	0
0	29	0	+	1	36	36	T	T	-	-	0	0	0	4261	0	0	0	3037	0	0	0	1888	0	0	0	578	0	0	0	23	0	0	0	0	0	0	0	0
0	29	0	+	1	37	37	G	G	-	-	1	0	4252	2	0	0	3030	1	0	0	1883	1	0	0	578	0	0	0	23	0	0	0	0	0	0	0	0	0
0	29	0	+	2	0	37	C	G	-	-	1	4256	0	1	1	3033	0	0	1	1885	0	0	0	578	0	0	0	23	0	0	0	0	0	0	0	0	0	0
0	29	0	+	2	1	36	A	T	-	-	4260	0	0	0	3036	0	0	0	1888	0	0	0	578	0	0	0	23	0	0	0	0	0	0	0	0	0	0	0
0	29	0	+	2	2	35	T	A	-	-	0	1	0	4259	0	0	0	3036	0	0	0	1887	0	0	0	578	0	0	0	23	0	0	0	0	0	0	0	0
0	29	0	+	2	3	34	T	A	-	-	0	0	0	4260	0	0	0	3036	0	0	0	1888	0	0	0	578	0	0	0	23	0	0	0	0	0	0	0	0
0	29	0	+	2	4	33	G	C	-	-	1	0	4247	1	0	0	3025	0	0	0	1880	0	0	0	578	0	0	0	23	0	0	0	0	0	0	0	0	0
0	29	0	+	2	5	32	C	G	-	-	0	4252	0	1	0	3029	0	0	0	1881	0	0	0	578	0	0	0	23	0	0	0	0	0	0	0	0	0	0
0	29	0	+	2	6	31	C	G	-	-	1	4256	0	0	0	3033	0	0	0	1885	0	0	0	578	0	0	0	23	0	0	0	0	0	0	0	0	0	0
0	29	0	+	2	7	30	T	A	-	-	0	0	0	4259	0	0	0	3035	0	0	0	1887	0	0	0	578	0	0	0	23	0	0	0	0	0	0	0	0
0	29	0	+	2	8	29	T	A	-	-	0	0	0	4261	0	0	0	3037	0	0	0	1888	0	0	0	578	0	0	0	23	0	0	0	0	0	0	0	0
0	29	0	+	2	9	28	C	G	-	-	0	4259	0	0	0	3035	0	0	0	1886	0	0	0	578	0	0	0	23	0	0	0	0	0	0	0	0	0	0
0	29	0	+	2	10	27	T	A	-	-	0	0	0	4256	0	0	0	3032	0	0	0	1886	0	0	0	578	0	0	0	23	0	0	0	0	0	0	0	0
0	29	0	+	2	11	26	C	G	-	-	0	4256	0	0	0	3032	0	0	0	1885	0	0	0	578	0	0	0	23	0	0	0	0	0	0	0	0	0	0
0	29	0	+	2	12	25	C	G	-	-	1	4255	0	0	0	3032	0	0	0	1883	0	0	0	578	0	0	0	23	0	0	0	0	0	0	0	0	0	0
0	29	0	+	2	13	24	C	G	-	-	0	4257	0	0	0	3033	0	0	0	1886	0	0	0	578	0	0	0	23	0	0	0	0	0	0	0	0	0	0
0	29	0	+	2	14	23	A	T	-	-	4253	4	0	0	3033	0	0	0	1885	0	0	0	578	0	0	0	23	0	0	0	0	0	0	0	0	0	0	0
0	29	0	+	2	15	22	T	A	-	-	0	0	0	4258	0	0	0	3034	0	0	0	1886	0	0	0	578	0	0	0	23	0	0	0	0	0	0	0	0
0	29	0	+	2	16	21	A	T	-	-	4256	0	1	1	3033	0	1	0	1885	0	1	0	577	0	1	0	23	0	0	0	0	0	0	0	0	0	0	0
0	29	0	+	2	17	20	T	A	-	-	0	1	0	4255	0	0	0	3032	0	0	0	1885	0	0	0	578	0	0	0	23	0	0	0	0	0	0	0	0
0	29	0	+	2	18	19	G	C	-	-	0	0	4259	0	0	0	3035	0	0	0	1888	0	0	0	578	0	0	0	23	0	0	0	0	0	0	0	0	0
0	29	0	+	2	19	18	T	A	-	-	2	2	1	4249	0	0	0	3030	0	0	0	1884	0	0	0	578	0	0	0	23	0	0	0	0	0	0	0	0
0	29	0	+	2	20	17	A	T	-	-	4260	0	0	0	3036	0	0	0	1887	0	0	0	578	0	0	0	23	0	0	0	0	0	0	0	0	0	0	0
0	29	0	+	2	21	16	C	G	-	-	0	4253	0	0	0	3029	0	0	0	1883	0	0	0	578	0	0	0	23	0	0	0	0	0	0	0	0	0	0
0	29	0	+	2	22	15	T	A	-	-	0	2	0	4256	0	0	0	3034	0	0	0	1885	0	0	0	578	0	0	0	23	0	0	0	0	0	0	0	0
0	29	0	+	2	23	14	G	C	-	-	0	1	4256	0	0	0	3033	0	0	0	1885	0	0	0	578	0	0	0	23	0	0	0	0	0	0	0	0	0
0	29	0	+	2	24	13	A	T	-	-	4255	4	1	0	3036	0	0	0	1887	0	0	0	578	0	0	0	23	0	0	0	0	0	0	0	0	0	0	0
0	29	0	+	2	25	12	G	C	-	-	0	0	4260	0	0	0	3036	0	0	0	1887	0	0	0	578	0	0	0	23	0	0	0	0	0	0	0	0	0
0	29	0	+	2	26	11	T	A	-	-	0	0	0	4248	0	0	0	3024	0	0	0	1879	0	0	0	578	0	0	0	23	0	0	0	0	0	0	0	0
0	29	0	+	2	27	10	T	A	-	-	0	0	0	4260	0	0	0	3036	0	0	0	1887	0	0	0	578	0	0	0	23	0	0	0	0	0	0	0	0
0	29	0	+	2	28	9	T	A	-	-	0	2	0	4257	0	0	0	3035	0	0	0	1886	0	0	0	578	0	0	0	23	0	0	0	0	0	0	0	0
0	29	0	+	2	29	8	C	G	-	-	1	4258	0	0	0	3035	0	0	0	1886	0	0	0	578	0	0	0	23	0	0	0	0	0	0	0	0	0	0
0	29	0	+	2	30	7	C	G	-	-	1	4257	0	1	0	3035	0	0	0	1886	0	0	0	578	0	0	0	23	0	0	0	0	0	0	0	0	0	0
0	29	0	+	2	31	6	A	T	-	-	4259	0	0	0	3035	0	0	0	1886	0	0	0	578	0	0	0	23	0	0	0	0	0	0	0	0	0	0	0
2	29	0	+	2	32	5	G	C	T	A	0	0	4248	9	0	0	3029	4	0	0	1883	3	0	0	576	2	0	0	23	0	0	0	0	0	0	0	0	0
0	29	0	+	2	33	4	A	T	-	-	4260	0	0	1	3037	0	0	0	1888	0	0	0	578	0	0	0	23	0	0	0	0	0	0	0	0	0	0	0
0	29	0	+	2	34	3	A	T	-	-	4258	1	0	0	3035	0	0	0	1888	0	0	0	578	0	0	0	23	0	0	0	0	0	0	0	0	0	0	0
0	29	0	+	2	35	2	T	A	-	-	0	1	0	4259	0	0	0	3036	0	0	0	1887	0	0	0	578	0	0	0	23	0	0	0	0	0	0	0	0
0	29	0	+	2	36	1	T	A	-	-	0	0	0	4258	0	0	0	3034	0	0	0	1886	0	0	0	578	0	0	0	23	0	0	0	0	0	0	0	0
0	29	0	+	2	37	0	T	A	-	-	0	1	0	4253	0	0	0	3030	0	0	0	1884	0	0	0	578	0	0	0	23	0	0	0	0	0	0	0	0
