target_base	locus_index	reference_index	target_strand	read_index	read_pos	template_pos	expected_read_base	expected_template_base	variant_read_base	variant_template_base	A1	C1	G1	T1	A2	C2	G2	T2	A3	C3	G3	T3	A5	C5	G5	T5	A10	C10	G10	T10	A15	C15	G15	T15	A20	C20	G20	T20
0	6	0	+	1	0	0	C	C	-	-	0	4054	0	0	0	3012	0	0	0	1951	0	0	0	640	0	0	0	23	0	0	0	0	0	0	0	0	0	0
0	6	0	+	1	1	1	C	C	-	-	2	4053	0	0	0	3013	0	0	0	1953	0	0	0	640	0	0	0	23	0	0	0	0	0	0	0	0	0	0
0	6	0	+	1	2	2	A	A	-	-	4055	0	0	0	3013	0	0	0	1952	0	0	0	640	0	0	0	23	0	0	0	0	0	0	0	0	0	0	0
0	6	0	+	1	3	3	A	A	-	-	4055	1	0	0	3014	0	0	0	1954	0	0	0	640	0	0	0	23	0	0	0	0	0	0	0	0	0	0	0
2	6	0	+	1	4	4	G	G	T	T	0	0	4042	14	0	0	3003	11	0	0	1947	6	0	0	638	2	0	0	22	1	0	0	0	0	0	0	0	0
0	6	0	+	1	5	5	T	T	-	-	0	2	0	4034	0	0	0	2994	0	0	0	1940	0	0	0	640	0	0	0	23	0	0	0	0	0	0	0	0
0	6	0	+	1	6	6	G	G	-	-	2	0	3174	131	0	0	2251	14	0	0	1414	0	0	0	547	0	0	0	20	0	0	0	0	0	0	0	0	0
0	6	0	+	1	7	7	G	G	-	-	0	0	4057	0	0	0	3015	0	0	0	1954	0	0	0	640	0	0	0	23	0	0	0	0	0	0	0	0	0
0	6	0	+	1	8	8	T	T	-	-	0	0	1	4043	0	0	0	3002	0	0	0	1945	0	0	0	640	0	0	0	23	0	0	0	0	0	0	0	0
0	6	0	+	1	9	9	T	T	-	-	0	0	0	4055	0	0	0	3013	0	0	0	1952	0	0	0	640	0	0	0	23	0	0	0	0	0	0	0	0
0	6	0	+	1	10	10	T	T	-	-	0	0	0	4055	0	0	0	3013	0	0	0	1952	0	0	0	640	0	0	0	23	0	0	0	0	0	0	0	0
0	6	0	+	1	11	11	A	A	-	-	4057	0	0	0	3015	0	0	0	1954	0	0	0	640	0	0	0	23	0	0	0	0	0	0	0	0	0	0	0
0	6	0	+	1	12	12	C	C	-	-	0	4054	0	0	0	3012	0	0	0	1952	0	0	0	640	0	0	0	23	0	0	0	0	0	0	0	0	0	0
0	6	0	+	1	13	13	C	C	-	-	0	4056	0	0	0	3014	0	0	0	1953	0	0	0	640	0	0	0	23	0	0	0	0	0	0	0	0	0	0
0	6	0	+	1	14	14	A	A	-	-	4056	0	0	0	3014	0	0	0	1953	0	0	0	640	0	0	0	23	0	0	0	0	0	0	0	0	0	0	0
0	6	0	+	1	15	15	T	T	-	-	0	0	0	4057	0	0	0	3015	0	0	0	1954	0	0	0	640	0	0	0	23	0	0	0	0	0	0	0	0
0	6	0	+	1	16	16	T	T	-	-	0	0	1	4056	0	0	0	3015	0	0	0	1954	0	0	0	640	0	0	0	23	0	0	0	0	0	0	0	0
0	6	0	+	1	17	17	T	T	-	-	0	0	0	4057	0	0	0	3015	0	0	0	1954	0	0	0	640	0	0	0	23	0	0	0	0	0	0	0	0
0	6	0	+	1	18	18	T	T	-	-	0	0	0	4057	0	0	0	3015	0	0	0	1954	0	0	0	640	0	0	0	23	0	0	0	0	0	0	0	0
0	6	0	+	1	19	19	A	A	-	-	4056	0	0	0	3014	0	0	0	1954	0	0	0	640	0	0	0	23	0	0	0	0	0	0	0	0	0	0	0
0	6	0	+	1	20	20	T	T	-	-	0	0	0	4056	0	0	0	3014	0	0	0	1953	0	0	0	640	0	0	0	23	0	0	0	0	0	0	0	0
0	6	0	+	1	21	21	A	A	-	-	4055	0	0	0	3013	0	0	0	1953	0	0	0	640	0	0	0	23	0	0	0	0	0	0	0	0	0	0	0
0	6	0	+	1	22	22	T	T	-	-	0	1	0	4056	0	0	0	3015	0	0	0	1954	0	0	0	640	0	0	0	23	0	0	0	0	0	0	0	0
0	6	0	+	1	23	23	T	T	-	-	0	0	0	4055	0	0	0	3013	0	0	0	1952	0	0	0	640	0	0	0	23	0	0	0	0	0	0	0	0
0	6	0	+	1	24	24	C	C	-	-	0	4053	0	2	0	3013	0	0	0	1952	0	0	0	640	0	0	0	23	0	0	0	0	0	0	0	0	0	0
0	6	0	+	1	25	25	A	A	-	-	4052	0	1	0	3011	0	0	0	1950	0	0	0	638	0	0	0	23	0	0	0	0	0	0	0	0	0	0	0
0	6	0	+	1	26	26	C	C	-	-	0	4054	0	0	0	3012	0	0	0	1953	0	0	0	640	0	0	0	23	0	0	0	0	0	0	0	0	0	0
0	6	0	+	1	27	27	A	A	-	-	4053	0	0	1	3012	0	0	0	1953	0	0	0	640	0	0	0	23	0	0	0	0	0	0	0	0	0	0	0
0	6	0	+	1	28	28	C	C	-	-	0	4052	1	0	0	3011	0	0	0	1950	0	0	0	640	0	0	0	23	0	0	0	0	0	0	0	0	0	0
0	6	0	+	1	29	29	C	C	-	-	1	4054	0	0	0	3013	0	0	0	1952	0	0	0	640	0	0	0	23	0	0	0	0	0	0	0	0	0	0
0	6	0	+	1	30	30	A	A	-	-	4052	0	0	2	3012	0	0	0	1952	0	0	0	640	0	0	0	23	0	0	0	0	0	0	0	0	0	0	0
0	6	0	+	1	31	31	A	A	-	-	4052	0	1	1	3012	0	0	0	1951	0	0	0	640	0	0	0	23	0	0	0	0	0	0	0	0	0	0	0
0	6	0	+	1	32	32	C	C	-	-	0	4054	0	0	0	3012	0	0	0	1954	0	0	0	640	0	0	0	23	0	0	0	0	0	0	0	0	0	0
0	6	0	+	1	33	33	A	A	-	-	4055	0	0	0	3013	0	0	0	1953	0	0	0	640	0	0	0	23	0	0	0	0	0	0	0	0	0	0	0
0	6	0	+	1	34	34	A	A	-	-	4055	0	0	1	3014	0	0	0	1953	0	0	0	640	0	0	0	23	0	0	0	0	0	0	0	0	0	0	0
0	6	0	+	1	35	35	T	T	-	-	0	0	0	4056	0	0	0	3014	0	0	0	1954	0	0	0	640	0	0	0	23	0	0	0	0	0	0	0	0
0	6	0	+	1	36	36	A	A	-	-	4056	0	0	0	3014	0	0	0	1953	0	0	0	640	0	0	0	23	0	0	0	0	0	0	0	0	0	0	0
0	6	0	+	1	37	37	T	T	-	-	0	0	0	4057	0	0	0	3015	0	0	0	1954	0	0	0	640	0	0	0	23	0	0	0	0	0	0	0	0
0	6	0	+	1	38	38	G	G	-	-	0	0	4055	0	0	0	3013	0	0	0	1954	0	0	0	640	0	0	0	23	0	0	0	0	0	0	0	0	0
0	6	0	+	1	39	39	T	T	-	-	0	0	0	4047	0	0	0	3005	0	0	0	1947	0	0	0	640	0	0	0	23	0	0	0	0	0	0	0	0
0	6	0	+	1	40	40	G	G	-	-	0	0	4049	1	0	0	3008	0	0	0	1949	0	0	0	640	0	0	0	23	0	0	0	0	0	0	0	0	0
0	6	0	+	1	41	41	A	A	-	-	4049	3	0	0	3010	0	0	0	1950	0	0	0	640	0	0	0	23	0	0	0	0	0	0	0	0	0	0	0
0	6	0	+	2	0	41	T	A	-	-	0	0	0	4053	0	0	0	3011	0	0	0	1950	0	0	0	640	0	0	0	23	0	0	0	0	0	0	0	0
0	6	0	+	2	1	40	C	G	-	-	1	4050	0	1	0	3010	0	0	0	1951	0	0	0	640	0	0	0	23	0	0	0	0	0	0	0	0	0	0
0	6	0	+	2	2	39	A	T	-	-	4057	0	0	0	3015	0	0	0	1954	0	0	0	640	0	0	0	23	0	0	0	0	0	0	0	0	0	0	0
0	6	0	+	2	3	38	C	G	-	-	0	4055	0	0	0	3013	0	0	0	1954	0	0	0	640	0	0	0	23	0	0	0	0	0	0	0	0	0	0
0	6	0	+	2	4	37	A	T	-	-	4054	0	0	0	3012	0	0	0	1951	0	0	0	640	0	0	0	23	0	0	0	0	0	0	0	0	0	0	0
0	6	0	+	2	5	36	T	A	-	-	0	0	0	4056	0	0	0	3014	0	0	0	1954	0	0	0	640	0	0	0	23	0	0	0	0	0	0	0	0
0	6	0	+	2	6	35	A	T	-	-	4056	0	0	0	3014	0	0	0	1954	0	0	0	640	0	0	0	23	0	0	0	0	0	0	0	0	0	0	0
0	6	0	+	2	7	34	T	A	-	-	0	0	0	4056	0	0	0	3014	0	0	0	1953	0	0	0	640	0	0	0	23	0	0	0	0	0	0	0	0
0	6	0	+	2	8	33	T	A	-	-	0	0	0	4053	0	0	0	3011	0	0	0	1950	0	0	0	640	0	0	0	23	0	0	0	0	0	0	0	0
0	6	0	+	2	9	32	G	C	-	-	0	0	4054	0	0	0	3012	0	0	0	1954	0	0	0	640	0	0	0	23	0	0	0	0	0	0	0	0	0
0	6	0	+	2	10	31	T	A	-	-	2	1	1	4046	0	0	0	3008	0	0	0	1948	0	0	0	640	0	0	0	23	0	0	0	0	0	0	0	0
0	6	0	+	2	11	30	T	A	-	-	1	0	1	4050	0	0	0	3010	0	0	0	1951	0	0	0	640	0	0	0	23	0	0	0	0	0	0	0	0
0	6	0	+	2	12	29	G	C	-	-	0	0	4053	1	0	0	3012	0	0	0	1952	0	0	0	640	0	0	0	23	0	0	0	0	0	0	0	0	0
0	6	0	+	2	13	28	G	C	-	-	0	1	4053	0	0	0	3012	0	0	0	1951	0	0	0	640	0	0	0	23	0	0	0	0	0	0	0	0	0
0	6	0	+	2	14	27	T	A	-	-	4	0	0	4019	0	0	0	2981	0	0	0	1927	0	0	0	639	0	0	0	23	0	0	0	0	0	0	0	0
0	6	0	+	2	15	26	G	C	-	-	0	0	4054	0	0	0	3012	0	0	0	1952	0	0	0	640	0	0	0	23	0	0	0	0	0	0	0	0	0
0	6	0	+	2	16	25	T	A	-	-	1	1	0	4040	0	0	0	3000	0	0	0	1942	0	0	0	637	0	0	0	23	0	0	0	0	0	0	0	0
0	6	0	+	2	17	24	G	C	-	-	2	0	4049	1	0	0	3010	0	0	0	1951	0	0	0	640	0	0	0	23	0	0	0	0	0	0	0	0	0
0	6	0	+	2	18	23	A	T	-	-	4052	0	0	1	3011	0	0	0	1950	0	0	0	640	0	0	0	23	0	0	0	0	0	0	0	0	0	0	0
0	6	0	+	2	19	22	A	T	-	-	4055	0	1	0	3014	0	0	0	1953	0	0	0	640	0	0	0	23	0	0	0	0	0	0	0	0	0	0	0
0	6	0	+	2	20	21	T	A	-	-	0	0	0	4056	0	0	0	3014	0	0	0	1954	0	0	0	640	0	0	0	23	0	0	0	0	0	0	0	0
0	6	0	+	2	21	20	A	T	-	-	4053	0	0	1	3012	0	0	0	1952	0	0	0	640	0	0	0	23	0	0	0	0	0	0	0	0	0	0	0
0	6	0	+	2	22	19	T	A	-	-	1	0	0	4056	0	0	0	3015	0	0	0	1954	0	0	0	640	0	0	0	23	0	0	0	0	0	0	0	0
0	6	0	+	2	23	18	A	T	-	-	4056	0	0	0	3014	0	0	0	1953	0	0	0	640	0	0	0	23	0	0	0	0	0	0	0	0	0	0	0
0	6	0	+	2	24	17	A	T	-	-	4057	0	0	0	3015	0	0	0	1954	0	0	0	640	0	0	0	23	0	0	0	0	0	0	0	0	0	0	0
0	6	0	+	2	25	16	A	T	-	-	4056	1	0	0	3015	0	0	0	1954	0	0	0	640	0	0	0	23	0	0	0	0	0	0	0	0	0	0	0
0	6	0	+	2	26	15	A	T	-	-	4057	0	0	0	3015	0	0	0	1954	0	0	0	640	0	0	0	23	0	0	0	0	0	0	0	0	0	0	0
0	6	0	+	2	27	14	T	A	-	-	1	0	0	4052	0	0	0	3011	0	0	0	1951	0	0	0	640	0	0	0	23	0	0	0	0	0	0	0	0
0	6	0	+	2	28	13	G	C	-	-	0	0	4053	0	0	0	3011	0	0	0	1951	0	0	0	640	0	0	0	23	0	0	0	0	0	0	0	0	0
0	6	0	+	2	29	12	G	C	-	-	0	0	4053	2	0	0	3013	0	0	0	1953	0	0	0	640	0	0	0	23	0	0	0	0	0	0	0	0	0
0	6	0	+	2	30	11	T	A	-	-	6	2	0	4017	0	0	0	2983	0	0	0	1930	0	0	0	640	0	0	0	23	0	0	0	0	0	0	0	0
0	6	0	+	2	31	10	A	T	-	-	4057	0	0	0	3015	0	0	0	1954	0	0	0	640	0	0	0	23	0	0	0	0	0	0	0	0	0	0	0
0	6	0	+	2	32	9	A	T	-	-	4055	1	0	0	3014	0	0	0	1953	0	0	0	640	0	0	0	23	0	0	0	0	0	0	0	0	0	0	0
0	6	0	+	2	33	8	A	T	-	-	4057	0	0	0	3015	0	0	0	1954	0	0	0	640	0	0	0	23	0	0	0	0	0	0	0	0	0	0	0
0	6	0	+	2	34	7	C	G	-	-	0	4053	0	0	0	3011	0	0	0	1952	0	0	0	640	0	0	0	23	0	0	0	0	0	0	0	0	0	0
0	6	0	+	2	35	6	C	G	-	-	2	4049	0	0	0	3009	0	0	0	1951	0	0	0	640	0	0	0	23	0	0	0	0	0	0	0	0	0	0
0	6	0	+	2	36	5	A	T	-	-	4055	0	0	0	3013	0	0	0	1953	0	0	0	640	0	0	0	23	0	0	0	0	0	0	0	0	0	0	0
2	6	0	+	2	37	4	C	G	A	T	13	4044	0	0	11	3004	0	0	6	1948	0	0	2	638	0	0	1	22	0	0	0	0	0	0	0	0	0	0
0	6	0	+	2	38	3	T	A	-	-	1	0	1	4047	0	0	0	3007	0	0	0	1946	0	0	0	640	0	0	0	23	0	0	0	0	0	0	0	0
0	6	0	+	2	39	2	T	A	-	-	0	0	0	4054	0	0	0	3012	0	0	0	1951	0	0	0	640	0	0	0	23	0	0	0	0	0	0	0	0
0	6	0	+	2	40	1	G	C	-	-	0	0	4052	2	0	0	3012	0	0	0	1952	0	0	0	640	0	0	0	23	0	0	0	0	0	0	0	0	0
0	6	0	+	2	41	0	G	C	-	-	0	0	4056	0	0	0	3014	0	0	0	1953	0	0	0	640	0	0	0	23	0	0	0	0	0	0	0	0	0
