target_base	locus_index	reference_index	target_strand	read_index	read_pos	template_pos	expected_read_base	expected_template_base	variant_read_base	variant_template_base	A1	C1	G1	T1	A2	C2	G2	T2	A3	C3	G3	T3	A5	C5	G5	T5	A10	C10	G10	T10	A15	C15	G15	T15	A20	C20	G20	T20
0	22	0	+	1	0	0	T	T	-	-	0	0	0	1386	0	0	0	918	0	0	0	533	0	0	0	112	0	0	0	5	0	0	0	0	0	0	0	0
0	22	0	+	1	1	1	T	T	-	-	0	0	0	1386	0	0	0	918	0	0	0	533	0	0	0	112	0	0	0	5	0	0	0	0	0	0	0	0
0	22	0	+	1	2	2	T	T	-	-	0	0	0	1386	0	0	0	918	0	0	0	533	0	0	0	112	0	0	0	5	0	0	0	0	0	0	0	0
0	22	0	+	1	3	3	T	T	-	-	0	0	0	1384	0	0	0	916	0	0	0	531	0	0	0	112	0	0	0	5	0	0	0	0	0	0	0	0
0	22	0	+	1	4	4	T	T	-	-	0	0	0	1386	0	0	0	918	0	0	0	533	0	0	0	112	0	0	0	5	0	0	0	0	0	0	0	0
2	22	0	+	1	5	5	C	C	T	T	0	1383	0	3	0	916	0	2	0	532	0	1	0	112	0	0	0	5	0	0	0	0	0	0	0	0	0	0
0	22	0	+	1	6	6	T	T	-	-	0	0	0	1386	0	0	0	918	0	0	0	533	0	0	0	112	0	0	0	5	0	0	0	0	0	0	0	0
0	22	0	+	1	7	7	G	G	-	-	0	0	1385	0	0	0	917	0	0	0	532	0	0	0	112	0	0	0	5	0	0	0	0	0	0	0	0	0
0	22	0	+	1	8	8	G	G	-	-	0	0	1385	0	0	0	917	0	0	0	532	0	0	0	112	0	0	0	5	0	0	0	0	0	0	0	0	0
0	22	0	+	1	9	9	G	G	-	-	1	0	1380	2	0	0	915	0	0	0	532	0	0	0	112	0	0	0	5	0	0	0	0	0	0	0	0	0
0	22	0	+	1	10	10	C	C	-	-	0	1383	0	0	0	915	0	0	0	531	0	0	0	112	0	0	0	5	0	0	0	0	0	0	0	0	0	0
0	22	0	+	1	11	11	A	A	-	-	1386	0	0	0	918	0	0	0	533	0	0	0	112	0	0	0	5	0	0	0	0	0	0	0	0	0	0	0
0	22	0	+	1	12	12	T	T	-	-	0	0	0	1386	0	0	0	918	0	0	0	533	0	0	0	112	0	0	0	5	0	0	0	0	0	0	0	0
0	22	0	+	1	13	13	A	A	-	-	1385	0	0	0	917	0	0	0	532	0	0	0	112	0	0	0	5	0	0	0	0	0	0	0	0	0	0	0
0	22	0	+	1	14	14	A	A	-	-	1385	0	0	0	917	0	0	0	532	0	0	0	112	0	0	0	5	0	0	0	0	0	0	0	0	0	0	0
0	22	0	+	1	15	15	G	G	-	-	0	0	1384	0	0	0	916	0	0	0	531	0	0	0	112	0	0	0	5	0	0	0	0	0	0	0	0	0
0	22	0	+	1	16	16	A	A	-	-	1386	0	0	0	918	0	0	0	533	0	0	0	112	0	0	0	5	0	0	0	0	0	0	0	0	0	0	0
0	22	0	+	1	17	17	G	G	-	-	0	0	1384	0	0	0	916	0	0	0	532	0	0	0	112	0	0	0	5	0	0	0	0	0	0	0	0	0
0	22	0	+	1	18	18	A	A	-	-	1384	0	0	0	916	0	0	0	532	0	0	0	112	0	0	0	5	0	0	0	0	0	0	0	0	0	0	0
0	22	0	+	1	19	19	C	C	-	-	0	1385	0	0	0	917	0	0	0	533	0	0	0	112	0	0	0	5	0	0	0	0	0	0	0	0	0	0
0	22	0	+	1	20	20	A	A	-	-	1386	0	0	0	918	0	0	0	533	0	0	0	112	0	0	0	5	0	0	0	0	0	0	0	0	0	0	0
0	22	0	+	1	21	21	A	A	-	-	1386	0	0	0	918	0	0	0	533	0	0	0	112	0	0	0	5	0	0	0	0	0	0	0	0	0	0	0
0	22	0	+	1	22	22	G	G	-	-	0	0	1382	0	0	0	914	0	0	0	529	0	0	0	111	0	0	0	5	0	0	0	0	0	0	0	0	0
0	22	0	+	1	23	23	G	G	-	-	0	0	1386	0	0	0	918	0	0	0	533	0	0	0	112	0	0	0	5	0	0	0	0	0	0	0	0	0
0	22	0	+	1	24	24	T	T	-	-	0	0	1	1382	0	0	0	915	0	0	0	532	0	0	0	112	0	0	0	5	0	0	0	0	0	0	0	0
0	22	0	+	1	25	25	T	T	-	-	0	0	0	1386	0	0	0	918	0	0	0	533	0	0	0	112	0	0	0	5	0	0	0	0	0	0	0	0
0	22	0	+	1	26	26	G	G	-	-	0	0	1386	0	0	0	918	0	0	0	533	0	0	0	112	0	0	0	5	0	0	0	0	0	0	0	0	0
0	22	0	+	1	27	27	C	C	-	-	1	1382	0	0	0	915	0	0	0	530	0	0	0	112	0	0	0	5	0	0	0	0	0	0	0	0	0	0
0	22	0	+	1	28	28	T	T	-	-	0	1	0	1384	0	0	0	917	0	0	0	532	0	0	0	112	0	0	0	5	0	0	0	0	0	0	0	0
0	22	0	+	1	29	29	T	T	-	-	0	0	0	1386	0	0	0	918	0	0	0	533	0	0	0	112	0	0	0	5	0	0	0	0	0	0	0	0
0	22	0	+	1	30	30	T	T	-	-	0	0	0	1386	0	0	0	918	0	0	0	533	0	0	0	112	0	0	0	5	0	0	0	0	0	0	0	0
0	22	0	+	1	31	31	T	T	-	-	0	0	0	1386	0	0	0	918	0	0	0	533	0	0	0	112	0	0	0	5	0	0	0	0	0	0	0	0
0	22	0	+	1	32	32	T	T	-	-	0	0	0	1385	0	0	0	917	0	0	0	533	0	0	0	112	0	0	0	5	0	0	0	0	0	0	0	0
0	22	0	+	1	33	33	G	G	-	-	0	0	1383	0	0	0	915	0	0	0	531	0	0	0	112	0	0	0	5	0	0	0	0	0	0	0	0	0
0	22	0	+	1	34	34	C	C	-	-	0	1378	0	2	0	912	0	0	0	530	0	0	0	112	0	0	0	5	0	0	0	0	0	0	0	0	0	0
0	22	0	+	1	35	35	A	A	-	-	1382	0	0	0	914	0	0	0	531	0	0	0	112	0	0	0	5	0	0	0	0	0	0	0	0	0	0	0
0	22	0	+	1	36	36	T	T	-	-	0	0	0	1385	0	0	0	917	0	0	0	532	0	0	0	112	0	0	0	5	0	0	0	0	0	0	0	0
0	22	0	+	1	37	37	G	G	-	-	0	0	1383	0	0	0	915	0	0	0	531	0	0	0	112	0	0	0	5	0	0	0	0	0	0	0	0	0
0	22	0	+	2	0	37	C	G	-	-	0	1384	0	0	0	916	0	0	0	531	0	0	0	112	0	0	0	5	0	0	0	0	0	0	0	0	0	0
0	22	0	+	2	1	36	A	T	-	-	1385	0	0	0	917	0	0	0	532	0	0	0	112	0	0	0	5	0	0	0	0	0	0	0	0	0	0	0
0	22	0	+	2	2	35	T	A	-	-	0	0	0	1384	0	0	0	916	0	0	0	532	0	0	0	112	0	0	0	5	0	0	0	0	0	0	0	0
0	22	0	+	2	3	34	G	C	-	-	2	0	1378	0	0	0	912	0	0	0	530	0	0	0	112	0	0	0	5	0	0	0	0	0	0	0	0	0
0	22	0	+	2	4	33	C	G	-	-	0	1383	0	0	0	915	0	0	0	531	0	0	0	112	0	0	0	5	0	0	0	0	0	0	0	0	0	0
0	22	0	+	2	5	32	A	T	-	-	1386	0	0	0	918	0	0	0	533	0	0	0	112	0	0	0	5	0	0	0	0	0	0	0	0	0	0	0
0	22	0	+	2	6	31	A	T	-	-	1384	1	0	0	917	0	0	0	533	0	0	0	112	0	0	0	5	0	0	0	0	0	0	0	0	0	0	0
0	22	0	+	2	7	30	A	T	-	-	1386	0	0	0	918	0	0	0	533	0	0	0	112	0	0	0	5	0	0	0	0	0	0	0	0	0	0	0
0	22	0	+	2	8	29	A	T	-	-	1386	0	0	0	918	0	0	0	533	0	0	0	112	0	0	0	5	0	0	0	0	0	0	0	0	0	0	0
0	22	0	+	2	9	28	A	T	-	-	1384	0	1	0	917	0	0	0	532	0	0	0	112	0	0	0	5	0	0	0	0	0	0	0	0	0	0	0
0	22	0	+	2	10	27	G	C	-	-	0	1	1383	0	0	0	916	0	0	0	532	0	0	0	112	0	0	0	5	0	0	0	0	0	0	0	0	0
0	22	0	+	2	11	26	C	G	-	-	0	1384	0	0	0	916	0	0	0	532	0	0	0	112	0	0	0	5	0	0	0	0	0	0	0	0	0	0
0	22	0	+	2	12	25	A	T	-	-	1386	0	0	0	918	0	0	0	533	0	0	0	112	0	0	0	5	0	0	0	0	0	0	0	0	0	0	0
0	22	0	+	2	13	24	A	T	-	-	1385	0	0	0	917	0	0	0	532	0	0	0	112	0	0	0	5	0	0	0	0	0	0	0	0	0	0	0
0	22	0	+	2	14	23	C	G	-	-	0	1385	0	0	0	917	0	0	0	532	0	0	0	112	0	0	0	5	0	0	0	0	0	0	0	0	0	0
0	22	0	+	2	15	22	C	G	-	-	0	1385	0	0	0	917	0	0	0	532	0	0	0	111	0	0	0	5	0	0	0	0	0	0	0	0	0	0
0	22	0	+	2	16	21	T	A	-	-	0	0	0	1384	0	0	0	916	0	0	0	531	0	0	0	112	0	0	0	5	0	0	0	0	0	0	0	0
0	22	0	+	2	17	20	T	A	-	-	0	0	1	1385	0	0	0	918	0	0	0	533	0	0	0	112	0	0	0	5	0	0	0	0	0	0	0	0
0	22	0	+	2	18	19	G	C	-	-	0	0	1384	1	0	0	917	0	0	0	533	0	0	0	112	0	0	0	5	0	0	0	0	0	0	0	0	0
0	22	0	+	2	19	18	T	A	-	-	0	0	0	1384	0	0	0	916	0	0	0	532	0	0	0	112	0	0	0	5	0	0	0	0	0	0	0	0
0	22	0	+	2	20	17	C	G	-	-	0	1385	0	0	0	917	0	0	0	532	0	0	0	112	0	0	0	5	0	0	0	0	0	0	0	0	0	0
0	22	0	+	2	21	16	T	A	-	-	0	0	0	1386	0	0	0	918	0	0	0	533	0	0	0	112	0	0	0	5	0	0	0	0	0	0	0	0
0	22	0	+	2	22	15	C	G	-	-	0	1386	0	0	0	918	0	0	0	533	0	0	0	112	0	0	0	5	0	0	0	0	0	0	0	0	0	0
0	22	0	+	2	23	14	T	A	-	-	0	0	0	1385	0	0	0	917	0	0	0	532	0	0	0	112	0	0	0	5	0	0	0	0	0	0	0	0
0	22	0	+	2	24	13	T	A	-	-	0	0	0	1385	0	0	0	917	0	0	0	532	0	0	0	112	0	0	0	5	0	0	0	0	0	0	0	0
0	22	0	+	2	25	12	A	T	-	-	1386	0	0	0	918	0	0	0	533	0	0	0	112	0	0	0	5	0	0	0	0	0	0	0	0	0	0	0
0	22	0	+	2	26	11	T	A	-	-	0	0	0	1386	0	0	0	918	0	0	0	533	0	0	0	112	0	0	0	5	0	0	0	0	0	0	0	0
0	22	0	+	2	27	10	G	C	-	-	0	0	1384	0	0	0	916	0	0	0	532	0	0	0	112	0	0	0	5	0	0	0	0	0	0	0	0	0
0	22	0	+	2	28	9	C	G	-	-	0	1382	0	1	0	915	0	0	0	531	0	0	0	112	0	0	0	5	0	0	0	0	0	0	0	0	0	0
0	22	0	+	2	29	8	C	G	-	-	0	1384	0	0	0	916	0	0	0	531	0	0	0	112	0	0	0	5	0	0	0	0	0	0	0	0	0	0
0	22	0	+	2	30	7	C	G	-	-	0	1386	0	0	0	918	0	0	0	533	0	0	0	112	0	0	0	5	0	0	0	0	0	0	0	0	0	0
0	22	0	+	2	31	6	A	T	-	-	1386	0	0	0	918	0	0	0	533	0	0	0	112	0	0	0	5	0	0	0	0	0	0	0	0	0	0	0
2	22	0	+	2	32	5	G	C	A	T	3	0	1383	0	2	0	916	0	1	0	532	0	0	0	112	0	0	0	5	0	0	0	0	0	0	0	0	0
0	22	0	+	2	33	4	A	T	-	-	1382	1	1	1	917	0	0	0	532	0	0	0	112	0	0	0	5	0	0	0	0	0	0	0	0	0	0	0
0	22	0	+	2	34	3	A	T	-	-	1385	0	0	1	918	0	0	0	533	0	0	0	112	0	0	0	5	0	0	0	0	0	0	0	0	0	0	0
0	22	0	+	2	35	2	A	T	-	-	1386	0	0	0	918	0	0	0	533	0	0	0	112	0	0	0	5	0	0	0	0	0	0	0	0	0	0	0
0	22	0	+	2	36	1	A	T	-	-	1384	0	0	0	916	0	0	0	531	0	0	0	112	0	0	0	5	0	0	0	0	0	0	0	0	0	0	0
0	22	0	+	2	37	0	A	T	-	-	1385	0	0	0	917	0	0	0	532	0	0	0	112	0	0	0	5	0	0	0	0	0	0	0	0	0	0	0
