target_base	locus_index	reference_index	target_strand	read_index	read_pos	template_pos	expected_read_base	expected_template_base	variant_read_base	variant_template_base	A1	C1	G1	T1	A2	C2	G2	T2	A3	C3	G3	T3	A5	C5	G5	T5	A10	C10	G10	T10	A15	C15	G15	T15	A20	C20	G20	T20
2	8	0	+	1	0	0	T	T	A	A	3	0	0	1274	0	0	0	242	0	0	0	36	0	0	0	0	0	0	0	0	0	0	0	0	0	0	0	0
0	8	0	+	1	1	1	A	A	-	-	1277	0	0	0	242	0	0	0	36	0	0	0	0	0	0	0	0	0	0	0	0	0	0	0	0	0	0	0
0	8	0	+	1	2	2	G	G	-	-	0	0	1277	0	0	0	242	0	0	0	36	0	0	0	0	0	0	0	0	0	0	0	0	0	0	0	0	0
0	8	0	+	1	3	3	A	A	-	-	1277	0	0	0	242	0	0	0	36	0	0	0	0	0	0	0	0	0	0	0	0	0	0	0	0	0	0	0
0	8	0	+	1	4	4	A	A	-	-	1276	0	0	0	241	0	0	0	35	0	0	0	0	0	0	0	0	0	0	0	0	0	0	0	0	0	0	0
0	8	0	+	1	5	5	T	T	-	-	0	0	0	1277	0	0	0	242	0	0	0	36	0	0	0	0	0	0	0	0	0	0	0	0	0	0	0	0
0	8	0	+	1	6	6	T	T	-	-	0	0	0	1276	0	0	0	241	0	0	0	35	0	0	0	0	0	0	0	0	0	0	0	0	0	0	0	0
0	8	0	+	1	7	7	T	T	-	-	0	0	0	1277	0	0	0	242	0	0	0	36	0	0	0	0	0	0	0	0	0	0	0	0	0	0	0	0
0	8	0	+	1	8	8	T	T	-	-	0	0	0	1277	0	0	0	242	0	0	0	36	0	0	0	0	0	0	0	0	0	0	0	0	0	0	0	0
0	8	0	+	1	9	9	T	T	-	-	0	1	0	1276	0	0	0	242	0	0	0	36	0	0	0	0	0	0	0	0	0	0	0	0	0	0	0	0
0	8	0	+	1	10	10	C	C	-	-	1	1276	0	0	0	242	0	0	0	36	0	0	0	0	0	0	0	0	0	0	0	0	0	0	0	0	0	0
0	8	0	+	1	11	11	A	A	-	-	1276	0	1	0	242	0	0	0	36	0	0	0	0	0	0	0	0	0	0	0	0	0	0	0	0	0	0	0
0	8	0	+	1	12	12	T	T	-	-	0	1	0	1276	0	0	0	242	0	0	0	36	0	0	0	0	0	0	0	0	0	0	0	0	0	0	0	0
0	8	0	+	1	13	13	C	C	-	-	2	1275	0	0	0	242	0	0	0	36	0	0	0	0	0	0	0	0	0	0	0	0	0	0	0	0	0	0
0	8	0	+	1	14	14	T	T	-	-	0	1	1	1275	0	0	0	242	0	0	0	36	0	0	0	0	0	0	0	0	0	0	0	0	0	0	0	0
0	8	0	+	1	15	15	C	C	-	-	0	1275	1	1	0	242	0	0	0	36	0	0	0	0	0	0	0	0	0	0	0	0	0	0	0	0	0	0
0	8	0	+	1	16	16	A	A	-	-	1277	0	0	0	242	0	0	0	36	0	0	0	0	0	0	0	0	0	0	0	0	0	0	0	0	0	0	0
0	8	0	+	1	17	17	G	G	-	-	0	0	1277	0	0	0	242	0	0	0	36	0	0	0	0	0	0	0	0	0	0	0	0	0	0	0	0	0
0	8	0	+	1	18	18	G	G	-	-	0	0	1276	1	0	0	242	0	0	0	36	0	0	0	0	0	0	0	0	0	0	0	0	0	0	0	0	0
0	8	0	+	1	19	19	C	C	-	-	0	1277	0	0	0	242	0	0	0	36	0	0	0	0	0	0	0	0	0	0	0	0	0	0	0	0	0	0
0	8	0	+	1	20	20	A	A	-	-	1276	0	1	0	242	0	0	0	36	0	0	0	0	0	0	0	0	0	0	0	0	0	0	0	0	0	0	0
0	8	0	+	1	21	21	G	G	-	-	0	0	1277	0	0	0	242	0	0	0	36	0	0	0	0	0	0	0	0	0	0	0	0	0	0	0	0	0
0	8	0	+	1	22	22	C	C	-	-	0	1277	0	0	0	242	0	0	0	36	0	0	0	0	0	0	0	0	0	0	0	0	0	0	0	0	0	0
0	8	0	+	1	23	23	A	A	-	-	1276	1	0	0	242	0	0	0	36	0	0	0	0	0	0	0	0	0	0	0	0	0	0	0	0	0	0	0
0	8	0	+	1	24	24	T	T	-	-	0	0	0	1276	0	0	0	241	0	0	0	36	0	0	0	0	0	0	0	0	0	0	0	0	0	0	0	0
0	8	0	+	1	25	25	G	G	-	-	0	0	1276	0	0	0	241	0	0	0	36	0	0	0	0	0	0	0	0	0	0	0	0	0	0	0	0	0
0	8	0	+	1	26	26	G	G	-	-	0	0	1276	1	0	0	242	0	0	0	36	0	0	0	0	0	0	0	0	0	0	0	0	0	0	0	0	0
0	8	0	+	1	27	27	A	A	-	-	1277	0	0	0	242	0	0	0	36	0	0	0	0	0	0	0	0	0	0	0	0	0	0	0	0	0	0	0
0	8	0	+	1	28	28	A	A	-	-	1276	0	1	0	242	0	0	0	36	0	0	0	0	0	0	0	0	0	0	0	0	0	0	0	0	0	0	0
0	8	0	+	1	29	29	A	A	-	-	1277	0	0	0	242	0	0	0	36	0	0	0	0	0	0	0	0	0	0	0	0	0	0	0	0	0	0	0
0	8	0	+	1	30	30	C	C	-	-	0	1276	1	0	0	242	0	0	0	36	0	0	0	0	0	0	0	0	0	0	0	0	0	0	0	0	0	0
0	8	0	+	1	31	31	T	T	-	-	0	0	0	1277	0	0	0	242	0	0	0	36	0	0	0	0	0	0	0	0	0	0	0	0	0	0	0	0
0	8	0	+	1	32	32	T	T	-	-	0	0	0	1277	0	0	0	242	0	0	0	36	0	0	0	0	0	0	0	0	0	0	0	0	0	0	0	0
0	8	0	+	1	33	33	G	G	-	-	1	0	1276	0	0	0	242	0	0	0	36	0	0	0	0	0	0	0	0	0	0	0	0	0	0	0	0	0
0	8	0	+	1	34	34	T	T	-	-	1	0	0	1273	0	0	0	239	0	0	0	35	0	0	0	0	0	0	0	0	0	0	0	0	0	0	0	0
0	8	0	+	1	35	35	G	G	-	-	0	0	1276	0	0	0	241	0	0	0	36	0	0	0	0	0	0	0	0	0	0	0	0	0	0	0	0	0
0	8	0	+	1	36	36	A	A	-	-	1275	0	0	1	241	0	0	0	36	0	0	0	0	0	0	0	0	0	0	0	0	0	0	0	0	0	0	0
0	8	0	+	1	37	37	C	C	-	-	0	1275	0	2	0	242	0	0	0	36	0	0	0	0	0	0	0	0	0	0	0	0	0	0	0	0	0	0
0	8	0	+	1	38	38	C	C	-	-	0	1277	0	0	0	242	0	0	0	36	0	0	0	0	0	0	0	0	0	0	0	0	0	0	0	0	0	0
0	8	0	+	1	39	39	A	A	-	-	1275	0	1	1	242	0	0	0	36	0	0	0	0	0	0	0	0	0	0	0	0	0	0	0	0	0	0	0
0	8	0	+	1	40	40	T	T	-	-	0	0	0	1276	0	0	0	241	0	0	0	36	0	0	0	0	0	0	0	0	0	0	0	0	0	0	0	0
0	8	0	+	1	41	41	T	T	-	-	1	0	1	1275	0	0	0	242	0	0	0	36	0	0	0	0	0	0	0	0	0	0	0	0	0	0	0	0
0	8	0	+	1	42	42	T	T	-	-	0	0	0	1277	0	0	0	242	0	0	0	36	0	0	0	0	0	0	0	0	0	0	0	0	0	0	0	0
0	8	0	+	1	43	43	G	G	-	-	0	0	1276	0	0	0	241	0	0	0	36	0	0	0	0	0	0	0	0	0	0	0	0	0	0	0	0	0
0	8	0	+	2	0	43	C	G	-	-	0	1276	0	0	0	241	0	0	0	36	0	0	0	0	0	0	0	0	0	0	0	0	0	0	0	0	0	0
0	8	0	+	2	1	42	A	T	-	-	1277	0	0	0	242	0	0	0	36	0	0	0	0	0	0	0	0	0	0	0	0	0	0	0	0	0	0	0
0	8	0	+	2	2	41	A	T	-	-	1276	0	0	1	242	0	0	0	36	0	0	0	0	0	0	0	0	0	0	0	0	0	0	0	0	0	0	0
0	8	0	+	2	3	40	A	T	-	-	1277	0	0	0	242	0	0	0	36	0	0	0	0	0	0	0	0	0	0	0	0	0	0	0	0	0	0	0
0	8	0	+	2	4	39	T	A	-	-	0	1	0	1276	0	0	0	242	0	0	0	36	0	0	0	0	0	0	0	0	0	0	0	0	0	0	0	0
0	8	0	+	2	5	38	G	C	-	-	0	0	1277	0	0	0	242	0	0	0	36	0	0	0	0	0	0	0	0	0	0	0	0	0	0	0	0	0
0	8	0	+	2	6	37	G	C	-	-	1	0	1276	0	0	0	242	0	0	0	36	0	0	0	0	0	0	0	0	0	0	0	0	0	0	0	0	0
0	8	0	+	2	7	36	T	A	-	-	0	0	1	1274	0	0	0	240	0	0	0	36	0	0	0	0	0	0	0	0	0	0	0	0	0	0	0	0
0	8	0	+	2	8	35	C	G	-	-	0	1276	0	0	0	241	0	0	0	36	0	0	0	0	0	0	0	0	0	0	0	0	0	0	0	0	0	0
0	8	0	+	2	9	34	A	T	-	-	1276	0	0	0	241	0	0	0	36	0	0	0	0	0	0	0	0	0	0	0	0	0	0	0	0	0	0	0
0	8	0	+	2	10	33	C	G	-	-	0	1276	0	1	0	242	0	0	0	36	0	0	0	0	0	0	0	0	0	0	0	0	0	0	0	0	0	0
0	8	0	+	2	11	32	A	T	-	-	1277	0	0	0	242	0	0	0	36	0	0	0	0	0	0	0	0	0	0	0	0	0	0	0	0	0	0	0
0	8	0	+	2	12	31	A	T	-	-	1277	0	0	0	242	0	0	0	36	0	0	0	0	0	0	0	0	0	0	0	0	0	0	0	0	0	0	0
0	8	0	+	2	13	30	G	C	-	-	0	0	1277	0	0	0	242	0	0	0	36	0	0	0	0	0	0	0	0	0	0	0	0	0	0	0	0	0
0	8	0	+	2	14	29	T	A	-	-	0	1	2	1272	0	0	0	240	0	0	0	36	0	0	0	0	0	0	0	0	0	0	0	0	0	0	0	0
0	8	0	+	2	15	28	T	A	-	-	0	1	0	1276	0	0	0	242	0	0	0	36	0	0	0	0	0	0	0	0	0	0	0	0	0	0	0	0
0	8	0	+	2	16	27	T	A	-	-	0	0	0	1277	0	0	0	242	0	0	0	36	0	0	0	0	0	0	0	0	0	0	0	0	0	0	0	0
0	8	0	+	2	17	26	C	G	-	-	0	1276	0	1	0	242	0	0	0	36	0	0	0	0	0	0	0	0	0	0	0	0	0	0	0	0	0	0
0	8	0	+	2	18	25	C	G	-	-	0	1277	0	0	0	242	0	0	0	36	0	0	0	0	0	0	0	0	0	0	0	0	0	0	0	0	0	0
0	8	0	+	2	19	24	A	T	-	-	1276	0	0	0	241	0	0	0	36	0	0	0	0	0	0	0	0	0	0	0	0	0	0	0	0	0	0	0
0	8	0	+	2	20	23	T	A	-	-	0	0	0	1277	0	0	0	242	0	0	0	36	0	0	0	0	0	0	0	0	0	0	0	0	0	0	0	0
0	8	0	+	2	21	22	G	C	-	-	0	0	1277	0	0	0	242	0	0	0	36	0	0	0	0	0	0	0	0	0	0	0	0	0	0	0	0	0
0	8	0	+	2	22	21	C	G	-	-	0	1277	0	0	0	242	0	0	0	36	0	0	0	0	0	0	0	0	0	0	0	0	0	0	0	0	0	0
0	8	0	+	2	23	20	T	A	-	-	1	1	0	1275	0	0	0	242	0	0	0	36	0	0	0	0	0	0	0	0	0	0	0	0	0	0	0	0
0	8	0	+	2	24	19	G	C	-	-	0	0	1277	0	0	0	242	0	0	0	36	0	0	0	0	0	0	0	0	0	0	0	0	0	0	0	0	0
0	8	0	+	2	25	18	C	G	-	-	1	1276	0	0	0	242	0	0	0	36	0	0	0	0	0	0	0	0	0	0	0	0	0	0	0	0	0	0
0	8	0	+	2	26	17	C	G	-	-	0	1276	0	0	0	241	0	0	0	36	0	0	0	0	0	0	0	0	0	0	0	0	0	0	0	0	0	0
0	8	0	+	2	27	16	T	A	-	-	0	0	0	1277	0	0	0	242	0	0	0	36	0	0	0	0	0	0	0	0	0	0	0	0	0	0	0	0
0	8	0	+	2	28	15	G	C	-	-	1	1	1275	0	0	0	242	0	0	0	36	0	0	0	0	0	0	0	0	0	0	0	0	0	0	0	0	0
0	8	0	+	2	29	14	A	T	-	-	1277	0	0	0	242	0	0	0	36	0	0	0	0	0	0	0	0	0	0	0	0	0	0	0	0	0	0	0
0	8	0	+	2	30	13	G	C	-	-	0	0	1276	1	0	0	242	0	0	0	36	0	0	0	0	0	0	0	0	0	0	0	0	0	0	0	0	0
0	8	0	+	2	31	12	A	T	-	-	1276	0	1	0	242	0	0	0	36	0	0	0	0	0	0	0	0	0	0	0	0	0	0	0	0	0	0	0
0	8	0	+	2	32	11	T	A	-	-	0	1	0	1276	0	0	0	242	0	0	0	36	0	0	0	0	0	0	0	0	0	0	0	0	0	0	0	0
0	8	0	+	2	33	10	G	C	-	-	0	0	1276	1	0	0	242	0	0	0	36	0	0	0	0	0	0	0	0	0	0	0	0	0	0	0	0	0
0	8	0	+	2	34	9	A	T	-	-	1276	0	1	0	242	0	0	0	36	0	0	0	0	0	0	0	0	0	0	0	0	0	0	0	0	0	0	0
0	8	0	+	2	35	8	A	T	-	-	1277	0	0	0	242	0	0	0	36	0	0	0	0	0	0	0	0	0	0	0	0	0	0	0	0	0	0	0
0	8	0	+	2	36	7	A	T	-	-	1277	0	0	0	242	0	0	0	36	0	0	0	0	0	0	0	0	0	0	0	0	0	0	0	0	0	0	0
0	8	0	+	2	37	6	A	T	-	-	1276	0	0	0	241	0	0	0	35	0	0	0	0	0	0	0	0	0	0	0	0	0	0	0	0	0	0	0
0	8	0	+	2	38	5	A	T	-	-	1277	0	0	0	242	0	0	0	36	0	0	0	0	0	0	0	0	0	0	0	0	0	0	0	0	0	0	0
0	8	0	+	2	39	4	T	A	-	-	0	0	0	1277	0	0	0	242	0	0	0	36	0	0	0	0	0	0	0	0	0	0	0	0	0	0	0	0
0	8	0	+	2	40	3	T	A	-	-	0	0	0	1277	0	0	0	242	0	0	0	36	0	0	0	0	0	0	0	0	0	0	0	0	0	0	0	0
0	8	0	+	2	41	2	C	G	-	-	0	1277	0	0	0	242	0	0	0	36	0	0	0	0	0	0	0	0	0	0	0	0	0	0	0	0	0	0
0	8	0	+	2	42	1	T	A	-	-	0	0	2	1273	0	0	0	240	0	0	0	36	0	0	0	0	0	0	0	0	0	0	0	0	0	0	0	0
2	8	0	+	2	43	0	A	T	T	A	1273	0	0	3	241	0	0	0	36	0	0	0	0	0	0	0	0	0	0	0	0	0	0	0	0	0	0	0
