target_base	locus_index	reference_index	target_strand	read_index	read_pos	template_pos	expected_read_base	expected_template_base	variant_read_base	variant_template_base	A1	C1	G1	T1	A2	C2	G2	T2	A3	C3	G3	T3	A5	C5	G5	T5	A10	C10	G10	T10	A15	C15	G15	T15	A20	C20	G20	T20
0	27	0	+	1	0	0	A	A	-	-	3363	0	0	0	2262	0	0	0	1360	0	0	0	345	0	0	0	10	0	0	0	0	0	0	0	0	0	0	0
0	27	0	+	1	1	1	C	C	-	-	0	3362	0	1	0	2262	0	0	0	1360	0	0	0	345	0	0	0	10	0	0	0	0	0	0	0	0	0	0
0	27	0	+	1	2	2	C	C	-	-	0	3363	0	0	0	2262	0	0	0	1359	0	0	0	345	0	0	0	10	0	0	0	0	0	0	0	0	0	0
0	27	0	+	1	3	3	T	T	-	-	5	0	6	3324	0	0	0	2234	0	0	0	1342	0	0	0	345	0	0	0	10	0	0	0	0	0	0	0	0
0	27	0	+	1	4	4	G	G	-	-	0	0	3362	0	0	0	2261	0	0	0	1358	0	0	0	345	0	0	0	10	0	0	0	0	0	0	0	0	0
0	27	0	+	1	5	5	C	C	-	-	0	3360	0	0	0	2259	0	0	0	1359	0	0	0	345	0	0	0	10	0	0	0	0	0	0	0	0	0	0
0	27	0	+	1	6	6	T	T	-	-	0	0	0	3363	0	0	0	2262	0	0	0	1359	0	0	0	345	0	0	0	10	0	0	0	0	0	0	0	0
0	27	0	+	1	7	7	G	G	-	-	0	0	2710	124	0	0	1724	9	0	0	999	2	0	0	301	0	0	0	10	0	0	0	0	0	0	0	0	0
0	27	0	+	1	8	8	T	T	-	-	1	4	1	3339	0	0	0	2244	0	0	0	1347	0	0	0	345	0	0	0	10	0	0	0	0	0	0	0	0
0	27	0	+	1	9	9	G	G	-	-	0	0	3358	0	0	0	2257	0	0	0	1357	0	0	0	344	0	0	0	10	0	0	0	0	0	0	0	0	0
0	27	0	+	1	10	10	A	A	-	-	3363	0	0	0	2262	0	0	0	1359	0	0	0	345	0	0	0	10	0	0	0	0	0	0	0	0	0	0	0
0	27	0	+	1	11	11	A	A	-	-	3363	0	0	0	2262	0	0	0	1359	0	0	0	345	0	0	0	10	0	0	0	0	0	0	0	0	0	0	0
0	27	0	+	1	12	12	T	T	-	-	1	0	0	3363	0	0	0	2263	0	0	0	1360	0	0	0	345	0	0	0	10	0	0	0	0	0	0	0	0
0	27	0	+	1	13	13	A	A	-	-	3363	0	0	0	2262	0	0	0	1359	0	0	0	345	0	0	0	10	0	0	0	0	0	0	0	0	0	0	0
0	27	0	+	1	14	14	T	T	-	-	0	0	0	3364	0	0	0	2263	0	0	0	1360	0	0	0	345	0	0	0	10	0	0	0	0	0	0	0	0
0	27	0	+	1	15	15	T	T	-	-	0	1	0	3360	0	0	0	2260	0	0	0	1358	0	0	0	345	0	0	0	10	0	0	0	0	0	0	0	0
0	27	0	+	1	16	16	T	T	-	-	1	0	0	3360	0	0	0	2260	0	0	0	1357	0	0	0	345	0	0	0	10	0	0	0	0	0	0	0	0
0	27	0	+	1	17	17	T	T	-	-	0	0	0	3364	0	0	0	2263	0	0	0	1360	0	0	0	345	0	0	0	10	0	0	0	0	0	0	0	0
2	27	0	+	1	18	18	C	C	T	T	0	3354	0	3	0	2255	0	1	0	1352	0	1	0	344	0	1	0	10	0	0	0	0	0	0	0	0	0	0
0	27	0	+	1	19	19	C	C	-	-	0	3360	0	0	0	2259	0	0	0	1358	0	0	0	345	0	0	0	10	0	0	0	0	0	0	0	0	0	0
0	27	0	+	1	20	20	A	A	-	-	3356	2	1	0	2258	0	0	0	1355	0	0	0	345	0	0	0	10	0	0	0	0	0	0	0	0	0	0	0
0	27	0	+	1	21	21	G	G	-	-	0	0	3361	0	0	0	2260	0	0	0	1357	0	0	0	345	0	0	0	10	0	0	0	0	0	0	0	0	0
0	27	0	+	1	22	22	G	G	-	-	1	0	3359	0	0	0	2259	0	0	0	1357	0	0	0	345	0	0	0	10	0	0	0	0	0	0	0	0	0
0	27	0	+	1	23	23	C	C	-	-	0	3360	0	0	0	2259	0	0	0	1359	0	0	0	345	0	0	0	10	0	0	0	0	0	0	0	0	0	0
0	27	0	+	1	24	24	T	T	-	-	0	1	0	3362	0	0	0	2262	0	0	0	1359	0	0	0	345	0	0	0	10	0	0	0	0	0	0	0	0
0	27	0	+	1	25	25	A	A	-	-	3363	0	0	0	2262	0	0	0	1360	0	0	0	345	0	0	0	10	0	0	0	0	0	0	0	0	0	0	0
0	27	0	+	1	26	26	C	C	-	-	0	3364	0	0	0	2263	0	0	0	1360	0	0	0	345	0	0	0	10	0	0	0	0	0	0	0	0	0	0
0	27	0	+	1	27	27	A	A	-	-	3361	0	0	0	2260	0	0	0	1357	0	0	0	345	0	0	0	10	0	0	0	0	0	0	0	0	0	0	0
0	27	0	+	1	28	28	A	A	-	-	3363	0	0	0	2262	0	0	0	1360	0	0	0	345	0	0	0	10	0	0	0	0	0	0	0	0	0	0	0
0	27	0	+	1	29	29	T	T	-	-	0	0	0	3364	0	0	0	2263	0	0	0	1360	0	0	0	345	0	0	0	10	0	0	0	0	0	0	0	0
0	27	0	+	1	30	30	T	T	-	-	0	0	0	3363	0	0	0	2262	0	0	0	1360	0	0	0	345	0	0	0	10	0	0	0	0	0	0	0	0
0	27	0	+	1	31	31	A	A	-	-	3364	0	0	0	2263	0	0	0	1360	0	0	0	345	0	0	0	10	0	0	0	0	0	0	0	0	0	0	0
0	27	0	+	1	32	32	T	T	-	-	0	1	0	3359	0	0	0	2259	0	0	0	1358	0	0	0	345	0	0	0	10	0	0	0	0	0	0	0	0
0	27	0	+	1	33	33	A	A	-	-	3361	0	0	0	2260	0	0	0	1357	0	0	0	345	0	0	0	10	0	0	0	0	0	0	0	0	0	0	0
0	27	0	+	1	34	34	C	C	-	-	0	3363	0	0	0	2262	0	0	0	1359	0	0	0	345	0	0	0	10	0	0	0	0	0	0	0	0	0	0
0	27	0	+	1	35	35	A	A	-	-	3361	0	0	0	2260	0	0	0	1359	0	0	0	345	0	0	0	10	0	0	0	0	0	0	0	0	0	0	0
0	27	0	+	1	36	36	A	A	-	-	3362	0	0	1	2262	0	0	0	1359	0	0	0	345	0	0	0	10	0	0	0	0	0	0	0	0	0	0	0
0	27	0	+	1	37	37	C	C	-	-	0	3361	0	1	0	2261	0	0	0	1358	0	0	0	345	0	0	0	10	0	0	0	0	0	0	0	0	0	0
0	27	0	+	1	38	38	A	A	-	-	3363	0	0	0	2262	0	0	0	1360	0	0	0	345	0	0	0	10	0	0	0	0	0	0	0	0	0	0	0
0	27	0	+	1	39	39	A	A	-	-	3361	0	0	1	2261	0	0	0	1359	0	0	0	345	0	0	0	10	0	0	0	0	0	0	0	0	0	0	0
0	27	0	+	1	40	40	C	C	-	-	0	3363	0	1	0	2263	0	0	0	1360	0	0	0	345	0	0	0	10	0	0	0	0	0	0	0	0	0	0
0	27	0	+	1	41	41	A	A	-	-	3364	0	0	0	2263	0	0	0	1360	0	0	0	345	0	0	0	10	0	0	0	0	0	0	0	0	0	0	0
0	27	0	+	2	0	41	T	A	-	-	4	0	2	3327	0	0	0	2232	0	0	0	1339	0	0	0	345	0	0	0	10	0	0	0	0	0	0	0	0
0	27	0	+	2	1	40	G	C	-	-	1	0	3363	0	0	0	2263	0	0	0	1360	0	0	0	345	0	0	0	10	0	0	0	0	0	0	0	0	0
0	27	0	+	2	2	39	T	A	-	-	1	1	1	3352	0	0	0	2254	0	0	0	1354	0	0	0	345	0	0	0	10	0	0	0	0	0	0	0	0
0	27	0	+	2	3	38	T	A	-	-	0	0	0	3363	0	0	0	2262	0	0	0	1360	0	0	0	345	0	0	0	10	0	0	0	0	0	0	0	0
0	27	0	+	2	4	37	G	C	-	-	1	0	3363	0	0	0	2263	0	0	0	1360	0	0	0	345	0	0	0	10	0	0	0	0	0	0	0	0	0
0	27	0	+	2	5	36	T	A	-	-	1	0	1	3356	0	0	0	2257	0	0	0	1357	0	0	0	345	0	0	0	10	0	0	0	0	0	0	0	0
0	27	0	+	2	6	35	T	A	-	-	0	0	0	3361	0	0	0	2260	0	0	0	1359	0	0	0	345	0	0	0	10	0	0	0	0	0	0	0	0
0	27	0	+	2	7	34	G	C	-	-	0	0	3363	0	0	0	2262	0	0	0	1359	0	0	0	345	0	0	0	10	0	0	0	0	0	0	0	0	0
0	27	0	+	2	8	33	T	A	-	-	0	0	0	3360	0	0	0	2259	0	0	0	1356	0	0	0	345	0	0	0	10	0	0	0	0	0	0	0	0
0	27	0	+	2	9	32	A	T	-	-	3360	0	1	0	2260	0	0	0	1358	0	0	0	345	0	0	0	10	0	0	0	0	0	0	0	0	0	0	0
0	27	0	+	2	10	31	T	A	-	-	0	1	0	3363	0	0	0	2263	0	0	0	1360	0	0	0	345	0	0	0	10	0	0	0	0	0	0	0	0
0	27	0	+	2	11	30	A	T	-	-	3361	0	0	0	2260	0	0	0	1358	0	0	0	345	0	0	0	10	0	0	0	0	0	0	0	0	0	0	0
0	27	0	+	2	12	29	A	T	-	-	3363	0	0	0	2262	0	0	0	1359	0	0	0	345	0	0	0	10	0	0	0	0	0	0	0	0	0	0	0
0	27	0	+	2	13	28	T	A	-	-	1	0	0	3362	0	0	0	2262	0	0	0	1359	0	0	0	345	0	0	0	10	0	0	0	0	0	0	0	0
0	27	0	+	2	14	27	T	A	-	-	0	0	0	3362	0	0	0	2261	0	0	0	1358	0	0	0	345	0	0	0	10	0	0	0	0	0	0	0	0
0	27	0	+	2	15	26	G	C	-	-	0	0	3360	0	0	0	2259	0	0	0	1357	0	0	0	345	0	0	0	10	0	0	0	0	0	0	0	0	0
0	27	0	+	2	16	25	T	A	-	-	0	0	0	3356	0	0	0	2255	0	0	0	1357	0	0	0	345	0	0	0	10	0	0	0	0	0	0	0	0
0	27	0	+	2	17	24	A	T	-	-	3360	0	1	0	2260	0	0	0	1358	0	0	0	345	0	0	0	10	0	0	0	0	0	0	0	0	0	0	0
0	27	0	+	2	18	23	G	C	-	-	0	0	3358	1	0	0	2258	0	0	0	1357	0	0	0	345	0	0	0	10	0	0	0	0	0	0	0	0	0
0	27	0	+	2	19	22	C	G	-	-	0	3359	0	1	0	2259	0	0	0	1357	0	0	0	345	0	0	0	10	0	0	0	0	0	0	0	0	0	0
0	27	0	+	2	20	21	C	G	-	-	0	3359	1	0	0	2259	0	0	0	1357	0	0	0	345	0	0	0	10	0	0	0	0	0	0	0	0	0	0
0	27	0	+	2	21	20	T	A	-	-	0	1	2	3357	0	0	0	2259	0	0	0	1356	0	0	0	345	0	0	0	10	0	0	0	0	0	0	0	0
0	27	0	+	2	22	19	G	C	-	-	0	0	3361	0	0	0	2260	0	0	0	1360	0	0	0	345	0	0	0	10	0	0	0	0	0	0	0	0	0
2	27	0	+	2	23	18	G	C	A	T	3	0	3359	0	1	0	2260	0	1	0	1358	0	1	0	344	0	0	0	10	0	0	0	0	0	0	0	0	0
0	27	0	+	2	24	17	A	T	-	-	3362	0	0	0	2261	0	0	0	1359	0	0	0	345	0	0	0	10	0	0	0	0	0	0	0	0	0	0	0
0	27	0	+	2	25	16	A	T	-	-	3360	0	0	1	2260	0	0	0	1357	0	0	0	345	0	0	0	10	0	0	0	0	0	0	0	0	0	0	0
0	27	0	+	2	26	15	A	T	-	-	3361	0	1	0	2261	0	0	0	1359	0	0	0	345	0	0	0	10	0	0	0	0	0	0	0	0	0	0	0
0	27	0	+	2	27	14	A	T	-	-	3364	0	0	0	2263	0	0	0	1360	0	0	0	345	0	0	0	10	0	0	0	0	0	0	0	0	0	0	0
0	27	0	+	2	28	13	T	A	-	-	0	0	0	3361	0	0	0	2260	0	0	0	1358	0	0	0	345	0	0	0	10	0	0	0	0	0	0	0	0
0	27	0	+	2	29	12	A	T	-	-	3363	0	0	1	2263	0	0	0	1360	0	0	0	345	0	0	0	10	0	0	0	0	0	0	0	0	0	0	0
0	27	0	+	2	30	11	T	A	-	-	0	0	0	3363	0	0	0	2262	0	0	0	1359	0	0	0	345	0	0	0	10	0	0	0	0	0	0	0	0
0	27	0	+	2	31	10	T	A	-	-	0	0	0	3363	0	0	0	2262	0	0	0	1359	0	0	0	345	0	0	0	10	0	0	0	0	0	0	0	0
0	27	0	+	2	32	9	C	G	-	-	0	3356	0	0	0	2255	0	0	0	1355	0	0	0	344	0	0	0	10	0	0	0	0	0	0	0	0	0	0
0	27	0	+	2	33	8	A	T	-	-	3350	0	0	1	2250	0	0	0	1350	0	0	0	345	0	0	0	10	0	0	0	0	0	0	0	0	0	0	0
0	27	0	+	2	34	7	C	G	-	-	1	3359	0	1	0	2260	0	0	0	1358	0	0	0	345	0	0	0	10	0	0	0	0	0	0	0	0	0	0
0	27	0	+	2	35	6	A	T	-	-	3363	0	0	0	2262	0	0	0	1359	0	0	0	345	0	0	0	10	0	0	0	0	0	0	0	0	0	0	0
0	27	0	+	2	36	5	G	C	-	-	0	1	3360	0	0	0	2260	0	0	0	1359	0	0	0	345	0	0	0	10	0	0	0	0	0	0	0	0	0
0	27	0	+	2	37	4	C	G	-	-	0	3363	0	0	0	2262	0	0	0	1360	0	0	0	345	0	0	0	10	0	0	0	0	0	0	0	0	0	0
0	27	0	+	2	38	3	A	T	-	-	3363	0	0	0	2262	0	0	0	1359	0	0	0	345	0	0	0	10	0	0	0	0	0	0	0	0	0	0	0
0	27	0	+	2	39	2	G	C	-	-	0	0	3363	0	0	0	2262	0	0	0	1359	0	0	0	345	0	0	0	10	0	0	0	0	0	0	0	0	0
0	27	0	+	2	40	1	G	C	-	-	0	0	3363	1	0	0	2263	0	0	0	1360	0	0	0	345	0	0	0	10	0	0	0	0	0	0	0	0	0
0	27	0	+	2	41	0	T	A	-	-	3	1	2	3344	0	0	0	2249	0	0	0	1354	0	0	0	345	0	0	0	10	0	0	0	0	0	0	0	0
