target_base	locus_index	reference_index	target_strand	read_index	read_pos	template_pos	expected_read_base	expected_template_base	variant_read_base	variant_template_base	A1	C1	G1	T1	A2	C2	G2	T2	A3	C3	G3	T3	A5	C5	G5	T5	A10	C10	G10	T10	A15	C15	G15	T15	A20	C20	G20	T20
0	15	0	-	1	0	0	A	A	-	-	3087	0	0	0	2136	0	0	0	1293	0	0	0	347	0	0	0	7	0	0	0	0	0	0	0	0	0	0	0
0	15	0	-	1	1	1	A	A	-	-	3085	0	0	0	2134	0	0	0	1291	0	0	0	347	0	0	0	7	0	0	0	0	0	0	0	0	0	0	0
0	15	0	-	1	2	2	A	A	-	-	3087	0	0	0	2136	0	0	0	1293	0	0	0	347	0	0	0	7	0	0	0	0	0	0	0	0	0	0	0
0	15	0	-	1	3	3	C	C	-	-	0	3085	0	0	0	2134	0	0	0	1293	0	0	0	347	0	0	0	7	0	0	0	0	0	0	0	0	0	0
0	15	0	-	1	4	4	T	T	-	-	0	1	0	3086	0	0	0	2136	0	0	0	1293	0	0	0	347	0	0	0	7	0	0	0	0	0	0	0	0
0	15	0	-	1	5	5	G	G	-	-	0	0	3085	0	0	0	2134	0	0	0	1291	0	0	0	347	0	0	0	7	0	0	0	0	0	0	0	0	0
0	15	0	-	1	6	6	C	C	-	-	0	3085	1	0	0	2135	0	0	0	1292	0	0	0	347	0	0	0	7	0	0	0	0	0	0	0	0	0	0
0	15	0	-	1	7	7	T	T	-	-	0	0	0	3087	0	0	0	2136	0	0	0	1293	0	0	0	347	0	0	0	7	0	0	0	0	0	0	0	0
0	15	0	-	1	8	8	G	G	-	-	0	0	3086	0	0	0	2135	0	0	0	1292	0	0	0	347	0	0	0	7	0	0	0	0	0	0	0	0	0
0	15	0	-	1	9	9	T	T	-	-	0	0	0	3084	0	0	0	2133	0	0	0	1291	0	0	0	347	0	0	0	7	0	0	0	0	0	0	0	0
0	15	0	-	1	10	10	A	A	-	-	3085	0	0	1	2135	0	0	0	1293	0	0	0	347	0	0	0	7	0	0	0	0	0	0	0	0	0	0	0
0	15	0	-	1	11	11	T	T	-	-	0	0	0	3087	0	0	0	2136	0	0	0	1293	0	0	0	347	0	0	0	7	0	0	0	0	0	0	0	0
0	15	0	-	1	12	12	G	G	-	-	1	1	3081	0	0	0	2132	0	0	0	1292	0	0	0	347	0	0	0	7	0	0	0	0	0	0	0	0	0
0	15	0	-	1	13	13	G	G	-	-	1	0	3076	0	0	0	2126	0	0	0	1286	0	0	0	346	0	0	0	7	0	0	0	0	0	0	0	0	0
0	15	0	-	1	14	14	C	C	-	-	0	3083	0	0	0	2132	0	0	0	1291	0	0	0	347	0	0	0	7	0	0	0	0	0	0	0	0	0	0
0	15	0	-	1	15	15	A	A	-	-	3086	0	0	0	2135	0	0	0	1292	0	0	0	347	0	0	0	7	0	0	0	0	0	0	0	0	0	0	0
0	15	0	-	1	16	16	G	G	-	-	0	0	3085	1	0	0	2135	0	0	0	1292	0	0	0	347	0	0	0	7	0	0	0	0	0	0	0	0	0
0	15	0	-	1	17	17	A	A	-	-	3086	0	0	0	2135	0	0	0	1292	0	0	0	347	0	0	0	7	0	0	0	0	0	0	0	0	0	0	0
0	15	0	-	1	18	18	A	A	-	-	3086	0	0	0	2135	0	0	0	1293	0	0	0	347	0	0	0	7	0	0	0	0	0	0	0	0	0	0	0
0	15	0	-	1	19	19	T	T	-	-	0	0	0	3082	0	0	0	2131	0	0	0	1291	0	0	0	347	0	0	0	7	0	0	0	0	0	0	0	0
0	15	0	-	1	20	20	A	A	-	-	3085	0	0	0	2134	0	0	0	1292	0	0	0	347	0	0	0	7	0	0	0	0	0	0	0	0	0	0	0
0	15	0	-	1	21	21	G	G	-	-	0	0	3083	1	0	0	2133	0	0	0	1290	0	0	0	347	0	0	0	7	0	0	0	0	0	0	0	0	0
0	15	0	-	1	22	22	G	G	-	-	0	0	3085	0	0	0	2134	0	0	0	1292	0	0	0	347	0	0	0	7	0	0	0	0	0	0	0	0	0
0	15	0	-	1	23	23	C	C	-	-	0	3082	0	0	0	2131	0	0	0	1289	0	0	0	347	0	0	0	7	0	0	0	0	0	0	0	0	0	0
2	15	0	-	1	24	24	G	G	C	C	1	3	3078	2	1	2	2130	0	0	1	1292	0	0	0	347	0	0	0	7	0	0	0	0	0	0	0	0	0
0	15	0	-	1	25	25	T	T	-	-	1	0	0	3084	0	0	0	2134	0	0	0	1292	0	0	0	347	0	0	0	7	0	0	0	0	0	0	0	0
0	15	0	-	1	26	26	C	C	-	-	0	3086	0	0	0	2135	0	0	0	1293	0	0	0	347	0	0	0	7	0	0	0	0	0	0	0	0	0	0
0	15	0	-	1	27	27	T	T	-	-	0	0	1	3083	0	0	0	2133	0	0	0	1290	0	0	0	347	0	0	0	7	0	0	0	0	0	0	0	0
0	15	0	-	1	28	28	G	G	-	-	0	0	3083	1	0	0	2133	0	0	0	1291	0	0	0	347	0	0	0	7	0	0	0	0	0	0	0	0	0
0	15	0	-	1	29	29	T	T	-	-	1	0	2	3079	0	0	0	2131	0	0	0	1290	0	0	0	347	0	0	0	7	0	0	0	0	0	0	0	0
0	15	0	-	1	30	30	G	G	-	-	0	0	3087	0	0	0	2136	0	0	0	1293	0	0	0	347	0	0	0	7	0	0	0	0	0	0	0	0	0
0	15	0	-	1	31	31	T	T	-	-	0	1	1	3080	0	0	0	2131	0	0	0	1290	0	0	0	347	0	0	0	7	0	0	0	0	0	0	0	0
0	15	0	-	1	32	32	C	C	-	-	1	3082	0	0	0	2132	0	0	0	1289	0	0	0	347	0	0	0	7	0	0	0	0	0	0	0	0	0	0
0	15	0	-	1	33	33	T	T	-	-	0	0	0	3086	0	0	0	2135	0	0	0	1293	0	0	0	347	0	0	0	7	0	0	0	0	0	0	0	0
0	15	0	-	1	34	34	A	A	-	-	3084	0	1	0	2134	0	0	0	1291	0	0	0	347	0	0	0	7	0	0	0	0	0	0	0	0	0	0	0
0	15	0	-	1	35	35	T	T	-	-	0	1	0	3083	0	0	0	2133	0	0	0	1291	0	0	0	347	0	0	0	7	0	0	0	0	0	0	0	0
0	15	0	-	1	36	36	A	A	-	-	3084	0	0	0	2133	0	0	0	1291	0	0	0	347	0	0	0	7	0	0	0	0	0	0	0	0	0	0	0
0	15	0	-	1	37	37	C	C	-	-	0	3084	0	0	0	2133	0	0	0	1290	0	0	0	347	0	0	0	7	0	0	0	0	0	0	0	0	0	0
0	15	0	-	1	38	38	A	A	-	-	3084	0	0	0	2133	0	0	0	1290	0	0	0	347	0	0	0	7	0	0	0	0	0	0	0	0	0	0	0
0	15	0	-	1	39	39	A	A	-	-	3086	0	0	0	2135	0	0	0	1293	0	0	0	347	0	0	0	7	0	0	0	0	0	0	0	0	0	0	0
0	15	0	-	1	40	40	C	C	-	-	0	3085	0	0	0	2134	0	0	0	1292	0	0	0	347	0	0	0	7	0	0	0	0	0	0	0	0	0	0
0	15	0	-	1	41	41	T	T	-	-	0	1	0	3081	0	0	0	2131	0	0	0	1291	0	0	0	347	0	0	0	7	0	0	0	0	0	0	0	0
0	15	0	-	1	42	42	C	C	-	-	1	3084	0	1	0	2135	0	0	0	1292	0	0	0	347	0	0	0	7	0	0	0	0	0	0	0	0	0	0
0	15	0	-	1	43	43	T	T	-	-	0	0	0	3084	0	0	0	2133	0	0	0	1290	0	0	0	347	0	0	0	7	0	0	0	0	0	0	0	0
0	15	0	-	1	44	44	G	G	-	-	2	0	3084	0	0	0	2135	0	0	0	1292	0	0	0	347	0	0	0	7	0	0	0	0	0	0	0	0	0
0	15	0	-	1	45	45	C	C	-	-	1	3084	0	0	0	2134	0	0	0	1292	0	0	0	347	0	0	0	7	0	0	0	0	0	0	0	0	0	0
0	15	0	-	1	46	46	A	A	-	-	3083	0	0	0	2132	0	0	0	1291	0	0	0	347	0	0	0	7	0	0	0	0	0	0	0	0	0	0	0
0	15	0	-	1	47	47	A	A	-	-	3085	0	0	1	2135	0	0	0	1293	0	0	0	347	0	0	0	7	0	0	0	0	0	0	0	0	0	0	0
0	15	0	-	1	48	48	C	C	-	-	0	3087	0	0	0	2136	0	0	0	1293	0	0	0	347	0	0	0	7	0	0	0	0	0	0	0	0	0	0
0	15	0	-	1	49	49	A	A	-	-	3086	0	0	0	2135	0	0	0	1293	0	0	0	347	0	0	0	7	0	0	0	0	0	0	0	0	0	0	0
0	15	0	-	1	50	50	G	G	-	-	0	0	3087	0	0	0	2136	0	0	0	1293	0	0	0	347	0	0	0	7	0	0	0	0	0	0	0	0	0
0	15	0	-	2	0	50	C	G	-	-	0	3086	0	0	0	2135	0	0	0	1292	0	0	0	347	0	0	0	7	0	0	0	0	0	0	0	0	0	0
0	15	0	-	2	1	49	T	A	-	-	0	0	0	3087	0	0	0	2136	0	0	0	1293	0	0	0	347	0	0	0	7	0	0	0	0	0	0	0	0
0	15	0	-	2	2	48	G	C	-	-	0	0	3087	0	0	0	2136	0	0	0	1293	0	0	0	347	0	0	0	7	0	0	0	0	0	0	0	0	0
0	15	0	-	2	3	47	T	A	-	-	1	0	0	3078	0	0	0	2128	0	0	0	1289	0	0	0	347	0	0	0	7	0	0	0	0	0	0	0	0
0	15	0	-	2	4	46	T	A	-	-	0	0	0	3084	0	0	0	2133	0	0	0	1293	0	0	0	347	0	0	0	7	0	0	0	0	0	0	0	0
0	15	0	-	2	5	45	G	C	-	-	0	0	3085	0	0	0	2134	0	0	0	1292	0	0	0	347	0	0	0	7	0	0	0	0	0	0	0	0	0
0	15	0	-	2	6	44	C	G	-	-	0	3084	0	2	0	2135	0	0	0	1292	0	0	0	347	0	0	0	7	0	0	0	0	0	0	0	0	0	0
0	15	0	-	2	7	43	A	T	-	-	3084	0	0	0	2133	0	0	0	1291	0	0	0	347	0	0	0	7	0	0	0	0	0	0	0	0	0	0	0
0	15	0	-	2	8	42	G	C	-	-	0	0	3086	1	0	0	2136	0	0	0	1293	0	0	0	347	0	0	0	7	0	0	0	0	0	0	0	0	0
0	15	0	-	2	9	41	A	T	-	-	3084	0	0	0	2133	0	0	0	1290	0	0	0	347	0	0	0	7	0	0	0	0	0	0	0	0	0	0	0
0	15	0	-	2	10	40	G	C	-	-	0	0	3086	0	0	0	2135	0	0	0	1293	0	0	0	347	0	0	0	7	0	0	0	0	0	0	0	0	0
0	15	0	-	2	11	39	T	A	-	-	0	0	0	3081	0	0	0	2130	0	0	0	1288	0	0	0	347	0	0	0	7	0	0	0	0	0	0	0	0
0	15	0	-	2	12	38	T	A	-	-	0	0	0	3086	0	0	0	2135	0	0	0	1292	0	0	0	347	0	0	0	7	0	0	0	0	0	0	0	0
0	15	0	-	2	13	37	G	C	-	-	0	0	3083	0	0	0	2132	0	0	0	1289	0	0	0	347	0	0	0	7	0	0	0	0	0	0	0	0	0
0	15	0	-	2	14	36	T	A	-	-	1	0	2	3077	0	0	0	2129	0	0	0	1288	0	0	0	347	0	0	0	7	0	0	0	0	0	0	0	0
0	15	0	-	2	15	35	A	T	-	-	3083	0	1	0	2133	0	0	0	1291	0	0	0	347	0	0	0	7	0	0	0	0	0	0	0	0	0	0	0
0	15	0	-	2	16	34	T	A	-	-	0	1	0	3084	0	0	0	2134	0	0	0	1291	0	0	0	347	0	0	0	7	0	0	0	0	0	0	0	0
0	15	0	-	2	17	33	A	T	-	-	3085	0	0	0	2134	0	0	0	1292	0	0	0	347	0	0	0	7	0	0	0	0	0	0	0	0	0	0	0
0	15	0	-	2	18	32	G	C	-	-	0	0	3082	2	0	0	2133	0	0	0	1291	0	0	0	347	0	0	0	7	0	0	0	0	0	0	0	0	0
0	15	0	-	2	19	31	A	T	-	-	3085	0	0	0	2134	0	0	0	1292	0	0	0	347	0	0	0	7	0	0	0	0	0	0	0	0	0	0	0
0	15	0	-	2	20	30	C	G	-	-	1	3086	0	0	0	2136	0	0	0	1293	0	0	0	347	0	0	0	7	0	0	0	0	0	0	0	0	0	0
0	15	0	-	2	21	29	A	T	-	-	3086	0	0	0	2135	0	0	0	1292	0	0	0	347	0	0	0	7	0	0	0	0	0	0	0	0	0	0	0
0	15	0	-	2	22	28	C	G	-	-	0	3085	0	0	0	2134	0	0	0	1292	0	0	0	347	0	0	0	7	0	0	0	0	0	0	0	0	0	0
0	15	0	-	2	23	27	A	T	-	-	3084	0	0	0	2133	0	0	0	1290	0	0	0	347	0	0	0	7	0	0	0	0	0	0	0	0	0	0	0
0	15	0	-	2	24	26	G	C	-	-	0	0	3087	0	0	0	2136	0	0	0	1293	0	0	0	347	0	0	0	7	0	0	0	0	0	0	0	0	0
0	15	0	-	2	25	25	A	T	-	-	3087	0	0	0	2136	0	0	0	1293	0	0	0	347	0	0	0	7	0	0	0	0	0	0	0	0	0	0	0
2	15	0	-	2	26	24	C	G	G	C	1	3077	3	1	0	2128	2	1	0	1290	1	0	0	347	0	0	0	7	0	0	0	0	0	0	0	0	0	0
0	15	0	-	2	27	23	G	C	-	-	0	0	3080	0	0	0	2129	0	0	0	1289	0	0	0	347	0	0	0	7	0	0	0	0	0	0	0	0	0
0	15	0	-	2	28	22	C	G	-	-	0	3085	0	0	0	2134	0	0	0	1293	0	0	0	347	0	0	0	7	0	0	0	0	0	0	0	0	0	0
0	15	0	-	2	29	21	C	G	-	-	0	3083	0	0	0	2132	0	0	0	1289	0	0	0	347	0	0	0	7	0	0	0	0	0	0	0	0	0	0
0	15	0	-	2	30	20	T	A	-	-	0	0	0	3084	0	0	0	2133	0	0	0	1292	0	0	0	347	0	0	0	7	0	0	0	0	0	0	0	0
0	15	0	-	2	31	19	A	T	-	-	3086	0	0	0	2135	0	0	0	1293	0	0	0	347	0	0	0	7	0	0	0	0	0	0	0	0	0	0	0
0	15	0	-	2	32	18	T	A	-	-	0	0	0	3087	0	0	0	2136	0	0	0	1293	0	0	0	347	0	0	0	7	0	0	0	0	0	0	0	0
0	15	0	-	2	33	17	T	A	-	-	0	0	0	3087	0	0	0	2136	0	0	0	1293	0	0	0	347	0	0	0	7	0	0	0	0	0	0	0	0
0	15	0	-	2	34	16	C	G	-	-	1	3083	0	0	0	2133	0	0	0	1291	0	0	0	347	0	0	0	7	0	0	0	0	0	0	0	0	0	0
0	15	0	-	2	35	15	T	A	-	-	0	0	0	3085	0	0	0	2133	0	0	0	1291	0	0	0	347	0	0	0	7	0	0	0	0	0	0	0	0
0	15	0	-	2	36	14	G	C	-	-	0	0	3085	0	0	0	2134	0	0	0	1292	0	0	0	347	0	0	0	7	0	0	0	0	0	0	0	0	0
0	15	0	-	2	37	13	C	G	-	-	0	3076	1	1	0	2127	0	0	0	1287	0	0	0	346	0	0	0	7	0	0	0	0	0	0	0	0	0	0
0	15	0	-	2	38	12	C	G	-	-	0	3082	1	1	0	2133	0	0	0	1292	0	0	0	347	0	0	0	7	0	0	0	0	0	0	0	0	0	0
0	15	0	-	2	39	11	A	T	-	-	3083	0	0	0	2132	0	0	0	1289	0	0	0	347	0	0	0	7	0	0	0	0	0	0	0	0	0	0	0
0	15	0	-	2	40	10	T	A	-	-	0	0	0	3086	0	0	0	2135	0	0	0	1293	0	0	0	347	0	0	0	7	0	0	0	0	0	0	0	0
0	15	0	-	2	41	9	A	T	-	-	3081	0	0	0	2130	0	0	0	1287	0	0	0	347	0	0	0	7	0	0	0	0	0	0	0	0	0	0	0
0	15	0	-	2	42	8	C	G	-	-	0	3082	0	1	0	2132	0	0	0	1290	0	0	0	347	0	0	0	7	0	0	0	0	0	0	0	0	0	0
0	15	0	-	2	43	7	A	T	-	-	3081	0	0	0	2130	0	0	0	1288	0	0	0	347	0	0	0	7	0	0	0	0	0	0	0	0	0	0	0
0	15	0	-	2	44	6	G	C	-	-	0	0	3085	0	0	0	2134	0	0	0	1291	0	0	0	347	0	0	0	7	0	0	0	0	0	0	0	0	0
0	15	0	-	2	45	5	C	G	-	-	0	3085	0	0	0	2134	0	0	0	1291	0	0	0	347	0	0	0	7	0	0	0	0	0	0	0	0	0	0
0	15	0	-	2	46	4	A	T	-	-	3079	1	1	0	2130	0	0	0	1290	0	0	0	347	0	0	0	7	0	0	0	0	0	0	0	0	0	0	0
0	15	0	-	2	47	3	G	C	-	-	0	0	3086	0	0	0	2135	0	0	0	1293	0	0	0	347	0	0	0	7	0	0	0	0	0	0	0	0	0
0	15	0	-	2	48	2	T	A	-	-	0	1	0	3066	0	0	0	2116	0	0	0	1282	0	0	0	347	0	0	0	7	0	0	0	0	0	0	0	0
0	15	0	-	2	49	1	T	A	-	-	0	0	0	3086	0	0	0	2135	0	0	0	1292	0	0	0	347	0	0	0	7	0	0	0	0	0	0	0	0
0	15	0	-	2	50	0	T	A	-	-	0	0	0	3087	0	0	0	2136	0	0	0	1293	0	0	0	347	0	0	0	7	0	0	0	0	0	0	0	0
