target_base	locus_index	reference_index	target_strand	read_index	read_pos	template_pos	expected_read_base	expected_template_base	variant_read_base	variant_template_base	A1	C1	G1	T1	A2	C2	G2	T2	A3	C3	G3	T3	A5	C5	G5	T5	A10	C10	G10	T10	A15	C15	G15	T15	A20	C20	G20	T20
2	0	0	+	1	35	35	T	T	C	C	0	3	0	1335	0	2	0	947	0	1	0	566	0	0	0	148	0	0	0	9	0	0	0	0	0	0	0	0
2	0	0	+	2	23	35	A	T	G	C	1335	0	3	0	947	0	2	0	566	0	1	0	148	0	0	0	9	0	0	0	0	0	0	0	0	0	0	0
2	1	0	+	1	28	28	C	C	A	A	5	4036	0	1	3	3136	0	0	1	2177	0	0	0	760	0	0	0	33	0	0	0	1	0	0	0	0	0	0
2	1	0	+	2	17	28	G	C	T	A	0	0	4035	4	0	0	3133	3	0	0	2175	1	0	0	760	0	0	0	33	0	0	0	1	0	0	0	0	0
2	2	0	-	1	2	2	C	C	T	T	0	2064	0	0	0	654	0	0	0	177	0	0	0	10	0	0	0	0	0	0	0	0	0	0	0	0	0	0
2	2	0	-	2	39	2	G	C	A	T	0	0	2063	1	0	0	654	0	0	0	177	0	0	0	10	0	0	0	0	0	0	0	0	0	0	0	0	0
2	3	0	+	1	22	22	G	G	C	C	0	6	1788	0	0	5	1084	0	0	2	559	0	0	1	106	0	0	0	1	0	0	0	0	0	0	0	0	0
2	3	0	+	2	23	22	C	G	G	C	0	1788	6	0	0	1084	5	0	0	559	2	0	0	106	1	0	0	1	0	0	0	0	0	0	0	0	0	0
2	4	0	+	1	0	0	C	C	G	G	0	12	0	0	0	8	0	0	0	2	0	0	0	0	0	0	0	0	0	0	0	0	0	0	0	0	0	0
2	4	0	+	2	41	0	G	C	C	G	0	0	12	0	0	0	8	0	0	0	2	0	0	0	0	0	0	0	0	0	0	0	0	0	0	0	0	0
2	5	0	-	1	20	20	C	C	T	T	1	3648	1	3	1	2774	0	1	1	1879	0	1	1	681	0	1	0	31	0	0	0	1	0	0	0	0	0	0
2	5	0	-	2	33	20	G	C	A	T	3	1	3650	1	1	0	2776	1	1	0	1880	1	1	0	681	1	0	0	31	0	0	0	1	0	0	0	0	0
2	6	0	+	1	4	4	G	G	T	T	0	0	4042	14	0	0	3003	11	0	0	1947	6	0	0	638	2	0	0	22	1	0	0	0	0	0	0	0	0
2	6	0	+	2	37	4	C	G	A	T	13	4044	0	0	11	3004	0	0	6	1948	0	0	2	638	0	0	1	22	0	0	0	0	0	0	0	0	0	0
2	7	0	-	1	12	12	C	C	T	T	0	1611	0	2	0	321	0	0	0	56	0	0	0	1	0	0	0	0	0	0	0	0	0	0	0	0	0	0
2	7	0	-	2	32	12	G	C	A	T	2	0	1611	0	0	0	321	0	0	0	56	0	0	0	1	0	0	0	0	0	0	0	0	0	0	0	0	0
2	8	0	+	1	0	0	T	T	A	A	3	0	0	1274	0	0	0	242	0	0	0	36	0	0	0	0	0	0	0	0	0	0	0	0	0	0	0	0
2	8	0	+	2	43	0	A	T	T	A	1273	0	0	3	241	0	0	0	36	0	0	0	0	0	0	0	0	0	0	0	0	0	0	0	0	0	0	0
2	9	0	-	1	7	7	T	T	A	A	11	0	0	3983	5	0	0	2271	2	0	0	1116	0	0	0	174	0	0	0	0	0	0	0	0	0	0	0	0
2	9	0	-	2	28	7	A	T	T	A	3981	0	0	11	2269	0	0	5	1114	0	0	2	174	0	0	0	0	0	0	0	0	0	0	0	0	0	0	0
2	10	0	+	1	11	11	C	C	T	T	0	3520	0	7	0	1691	0	2	0	677	0	2	0	82	0	0	0	0	0	0	0	0	0	0	0	0	0	0
2	10	0	+	2	17	11	G	C	A	T	6	0	3519	1	2	0	1690	0	2	0	676	0	0	0	82	0	0	0	0	0	0	0	0	0	0	0	0	0
2	11	0	+	1	20	20	C	C	G	G	0	4161	10	0	0	2997	6	0	0	1844	4	0	0	538	0	0	0	9	0	0	0	0	0	0	0	0	0	0
2	11	0	+	2	21	20	G	C	C	G	0	10	4161	0	0	6	2997	0	0	4	1845	0	0	0	538	0	0	0	9	0	0	0	0	0	0	0	0	0
2	12	0	-	1	23	23	C	C	A	A	2	1014	0	0	0	186	0	0	0	25	0	0	0	0	0	0	0	0	0	0	0	0	0	0	0	0	0	0
2	12	0	-	2	16	23	G	C	T	A	0	0	1014	2	0	0	186	0	0	0	25	0	0	0	0	0	0	0	0	0	0	0	0	0	0	0	0	0
2	13	0	+	1	9	9	A	A	T	T	4044	0	0	7	2729	0	0	5	1548	0	0	3	381	0	0	1	4	0	0	0	0	0	0	0	0	0	0	0
2	13	0	+	2	35	9	T	A	A	T	7	0	0	4045	5	0	0	2730	3	0	0	1549	1	0	0	381	0	0	0	4	0	0	0	0	0	0	0	0
2	14	0	-	1	1	1	T	T	G	G	1	0	2	4272	0	0	2	3079	0	0	1	1936	0	0	0	594	0	0	0	9	0	0	0	0	0	0	0	0
2	14	0	-	2	37	1	A	T	C	G	4273	2	0	0	3079	2	0	0	1936	1	0	0	594	0	0	0	9	0	0	0	0	0	0	0	0	0	0	0
2	15	0	-	1	24	24	G	G	C	C	1	3	3078	2	1	2	2130	0	0	1	1292	0	0	0	347	0	0	0	7	0	0	0	0	0	0	0	0	0
2	15	0	-	2	26	24	C	G	G	C	1	3077	3	1	0	2128	2	1	0	1290	1	0	0	347	0	0	0	7	0	0	0	0	0	0	0	0	0	0
2	16	0	+	1	34	34	G	G	A	A	16	0	5052	0	10	0	3630	0	6	0	2354	0	2	0	732	0	0	0	8	0	0	0	0	0	0	0	0	0
2	16	0	+	2	4	34	C	G	T	A	0	5065	0	14	0	3641	0	10	0	2360	0	6	0	732	0	2	0	8	0	0	0	0	0	0	0	0	0	0
2	17	0	-	1	15	15	C	C	A	A	7	3959	0	0	5	3127	0	0	1	2151	0	0	1	755	0	0	0	45	0	0	0	0	0	0	0	0	0	0
2	17	0	-	2	35	15	G	C	T	A	1	0	3958	7	0	0	3127	5	0	0	2151	1	0	0	755	1	0	0	45	0	0	0	0	0	0	0	0	0
2	18	0	+	1	21	21	C	C	T	T	1	3254	0	12	0	2036	0	4	0	1042	0	2	0	188	0	1	0	0	0	0	0	0	0	0	0	0	0	0
2	18	0	+	2	20	21	G	C	A	T	11	0	3258	1	4	0	2039	0	2	0	1044	0	1	0	188	0	0	0	0	0	0	0	0	0	0	0	0	0
2	19	0	+	1	21	21	C	C	G	G	0	2047	3	0	0	1122	1	0	0	480	1	0	0	67	0	0	0	0	0	0	0	0	0	0	0	0	0	0
2	19	0	+	2	26	21	G	C	C	G	0	3	2047	0	0	1	1122	0	0	1	480	0	0	0	67	0	0	0	0	0	0	0	0	0	0	0	0	0
2	20	0	+	1	13	13	C	C	G	G	1	3733	2	1	0	1810	0	0	0	706	0	0	0	78	0	0	0	0	0	0	0	0	0	0	0	0	0	0
2	20	0	+	2	21	13	G	C	C	G	0	2	3734	2	0	0	1811	0	0	0	707	0	0	0	78	0	0	0	0	0	0	0	0	0	0	0	0	0
2	21	0	+	1	1	1	C	C	G	G	0	4879	5	0	0	3543	3	0	0	2269	0	0	0	747	0	0	0	25	0	0	0	0	0	0	0	0	0	0
2	21	0	+	2	45	1	G	C	C	G	1	5	4877	0	0	3	3542	0	0	0	2269	0	0	0	747	0	0	0	25	0	0	0	0	0	0	0	0	0
2	22	0	+	1	5	5	C	C	T	T	0	1383	0	3	0	916	0	2	0	532	0	1	0	112	0	0	0	5	0	0	0	0	0	0	0	0	0	0
2	22	0	+	2	32	5	G	C	A	T	3	0	1383	0	2	0	916	0	1	0	532	0	0	0	112	0	0	0	5	0	0	0	0	0	0	0	0	0
2	23	0	-	1	13	13	G	G	A	A	6	0	4354	0	4	0	2889	0	2	0	1626	0	2	0	398	0	0	0	3	0	0	0	0	0	0	0	0	0
2	23	0	-	2	25	13	C	G	T	A	0	4352	0	6	0	2887	0	4	0	1624	0	2	0	398	0	2	0	3	0	0	0	0	0	0	0	0	0	0
2	24	0	-	1	1	1	A	A	G	G	3664	0	7	0	2377	0	5	0	1265	0	2	0	286	0	2	0	2	0	0	0	0	0	0	0	0	0	0	0
2	24	0	-	2	46	1	T	A	C	G	0	8	0	3663	0	5	0	2377	0	2	0	1265	0	2	0	286	0	0	0	2	0	0	0	0	0	0	0	0
2	25	0	+	1	29	29	A	A	G	G	4211	0	2	0	2934	0	1	0	1755	0	1	0	517	0	0	0	13	0	0	0	0	0	0	0	0	0	0	0
2	25	0	+	2	8	29	T	A	C	G	0	1	0	4210	0	1	0	2932	0	1	0	1754	0	0	0	517	0	0	0	13	0	0	0	0	0	0	0	0
2	26	0	+	1	42	42	C	C	T	T	0	2357	0	1	0	1128	0	1	0	450	0	0	0	49	0	0	0	0	0	0	0	0	0	0	0	0	0	0
2	26	0	+	2	6	42	G	C	A	T	1	0	2357	0	1	0	1128	0	0	0	450	0	0	0	49	0	0	0	0	0	0	0	0	0	0	0	0	0
2	27	0	+	1	18	18	C	C	T	T	0	3354	0	3	0	2255	0	1	0	1352	0	1	0	344	0	1	0	10	0	0	0	0	0	0	0	0	0	0
2	27	0	+	2	23	18	G	C	A	T	3	0	3359	0	1	0	2260	0	1	0	1358	0	1	0	344	0	0	0	10	0	0	0	0	0	0	0	0	0
2	28	0	+	1	30	30	G	G	A	A	5	0	4157	1	3	0	2426	0	2	0	1158	0	0	0	216	0	0	0	2	0	0	0	0	0	0	0	0	0
2	28	0	+	2	6	30	C	G	T	A	1	4155	0	6	0	2425	0	3	0	1158	0	2	0	216	0	0	0	2	0	0	0	0	0	0	0	0	0	0
2	29	0	+	1	5	5	C	C	A	A	9	4249	0	0	4	3030	0	0	3	1884	0	0	2	576	0	0	0	23	0	0	0	0	0	0	0	0	0	0
2	29	0	+	2	32	5	G	C	T	A	0	0	4248	9	0	0	3029	4	0	0	1883	3	0	0	576	2	0	0	23	0	0	0	0	0	0	0	0	0
