target_base	locus_index	reference_index	target_strand	read_index	read_pos	template_pos	expected_read_base	expected_template_base	variant_read_base	variant_template_base	A1	C1	G1	T1	A2	C2	G2	T2	A3	C3	G3	T3	A5	C5	G5	T5	A10	C10	G10	T10	A15	C15	G15	T15	A20	C20	G20	T20
0	9	0	-	1	0	0	T	T	-	-	0	3	1	3958	0	0	0	2244	0	0	0	1096	0	0	0	174	0	0	0	0	0	0	0	0	0	0	0	0
0	9	0	-	1	1	1	A	A	-	-	3994	0	0	0	2276	0	0	0	1118	0	0	0	174	0	0	0	0	0	0	0	0	0	0	0	0	0	0	0
0	9	0	-	1	2	2	T	T	-	-	0	0	0	3994	0	0	0	2276	0	0	0	1118	0	0	0	174	0	0	0	0	0	0	0	0	0	0	0	0
0	9	0	-	1	3	3	A	A	-	-	3993	0	0	0	2275	0	0	0	1117	0	0	0	174	0	0	0	0	0	0	0	0	0	0	0	0	0	0	0
0	9	0	-	1	4	4	A	A	-	-	3993	0	0	0	2275	0	0	0	1117	0	0	0	174	0	0	0	0	0	0	0	0	0	0	0	0	0	0	0
0	9	0	-	1	5	5	C	C	-	-	0	3993	0	0	0	2275	0	0	0	1117	0	0	0	174	0	0	0	0	0	0	0	0	0	0	0	0	0	0
0	9	0	-	1	6	6	T	T	-	-	0	0	0	3993	0	0	0	2275	0	0	0	1118	0	0	0	174	0	0	0	0	0	0	0	0	0	0	0	0
2	9	0	-	1	7	7	T	T	A	A	11	0	0	3983	5	0	0	2271	2	0	0	1116	0	0	0	174	0	0	0	0	0	0	0	0	0	0	0	0
0	9	0	-	1	8	8	T	T	-	-	0	0	0	3993	0	0	0	2275	0	0	0	1118	0	0	0	174	0	0	0	0	0	0	0	0	0	0	0	0
0	9	0	-	1	9	9	A	A	-	-	3990	0	1	0	2273	0	0	0	1116	0	0	0	174	0	0	0	0	0	0	0	0	0	0	0	0	0	0	0
0	9	0	-	1	10	10	G	G	-	-	0	0	3993	0	0	0	2275	0	0	0	1117	0	0	0	174	0	0	0	0	0	0	0	0	0	0	0	0	0
0	9	0	-	1	11	11	C	C	-	-	0	3992	0	1	0	2275	0	0	0	1117	0	0	0	174	0	0	0	0	0	0	0	0	0	0	0	0	0	0
0	9	0	-	1	12	12	A	A	-	-	3992	0	0	0	2274	0	0	0	1117	0	0	0	174	0	0	0	0	0	0	0	0	0	0	0	0	0	0	0
0	9	0	-	1	13	13	T	T	-	-	0	0	0	3994	0	0	0	2276	0	0	0	1118	0	0	0	174	0	0	0	0	0	0	0	0	0	0	0	0
0	9	0	-	1	14	14	T	T	-	-	0	0	0	3993	0	0	0	2275	0	0	0	1117	0	0	0	174	0	0	0	0	0	0	0	0	0	0	0	0
0	9	0	-	1	15	15	A	A	-	-	3993	0	0	0	2275	0	0	0	1118	0	0	0	174	0	0	0	0	0	0	0	0	0	0	0	0	0	0	0
0	9	0	-	1	16	16	T	T	-	-	0	0	0	3992	0	0	0	2274	0	0	0	1116	0	0	0	174	0	0	0	0	0	0	0	0	0	0	0	0
0	9	0	-	1	17	17	T	T	-	-	0	1	1	3991	0	0	0	2275	0	0	0	1118	0	0	0	174	0	0	0	0	0	0	0	0	0	0	0	0
0	9	0	-	1	18	18	C	C	-	-	0	3989	0	1	0	2272	0	0	0	1118	0	0	0	174	0	0	0	0	0	0	0	0	0	0	0	0	0	0
0	9	0	-	1	19	19	C	C	-	-	0	3988	0	1	0	2271	0	0	0	1116	0	0	0	174	0	0	0	0	0	0	0	0	0	0	0	0	0	0
0	9	0	-	1	20	20	T	T	-	-	0	0	0	3993	0	0	0	2275	0	0	0	1117	0	0	0	174	0	0	0	0	0	0	0	0	0	0	0	0
0	9	0	-	1	21	21	C	C	-	-	0	3993	0	0	0	2275	0	0	0	1117	0	0	0	174	0	0	0	0	0	0	0	0	0	0	0	0	0	0
0	9	0	-	1	22	22	T	T	-	-	0	0	0	3992	0	0	0	2274	0	0	0	1117	0	0	0	174	0	0	0	0	0	0	0	0	0	0	0	0
0	9	0	-	1	23	23	C	C	-	-	0	3992	0	0	0	2274	0	0	0	1117	0	0	0	174	0	0	0	0	0	0	0	0	0	0	0	0	0	0
0	9	0	-	1	24	24	T	T	-	-	1	1	0	3978	0	0	0	2262	0	0	0	1112	0	0	0	174	0	0	0	0	0	0	0	0	0	0	0	0
0	9	0	-	1	25	25	G	G	-	-	0	0	3988	3	0	0	2272	1	0	0	1116	0	0	0	174	0	0	0	0	0	0	0	0	0	0	0	0	0
0	9	0	-	1	26	26	G	G	-	-	0	0	3986	1	0	0	2269	0	0	0	1113	0	0	0	174	0	0	0	0	0	0	0	0	0	0	0	0	0
0	9	0	-	1	27	27	C	C	-	-	0	3988	0	0	0	2270	0	0	0	1116	0	0	0	174	0	0	0	0	0	0	0	0	0	0	0	0	0	0
0	9	0	-	1	28	28	T	T	-	-	0	0	1	3990	0	0	0	2273	0	0	0	1115	0	0	0	174	0	0	0	0	0	0	0	0	0	0	0	0
0	9	0	-	1	29	29	T	T	-	-	1	0	0	3993	0	0	0	2276	0	0	0	1118	0	0	0	174	0	0	0	0	0	0	0	0	0	0	0	0
0	9	0	-	1	30	30	C	C	-	-	0	3993	0	0	0	2275	0	0	0	1118	0	0	0	174	0	0	0	0	0	0	0	0	0	0	0	0	0	0
0	9	0	-	1	31	31	C	C	-	-	0	3986	0	0	0	2268	0	0	0	1116	0	0	0	174	0	0	0	0	0	0	0	0	0	0	0	0	0	0
0	9	0	-	1	32	32	A	A	-	-	3992	0	0	0	2274	0	0	0	1117	0	0	0	174	0	0	0	0	0	0	0	0	0	0	0	0	0	0	0
0	9	0	-	1	33	33	T	T	-	-	1	0	0	3991	0	0	0	2274	0	0	0	1116	0	0	0	174	0	0	0	0	0	0	0	0	0	0	0	0
0	9	0	-	1	34	34	A	A	-	-	3993	0	0	0	2275	0	0	0	1117	0	0	0	174	0	0	0	0	0	0	0	0	0	0	0	0	0	0	0
0	9	0	-	1	35	35	A	A	-	-	3993	0	0	0	2275	0	0	0	1118	0	0	0	174	0	0	0	0	0	0	0	0	0	0	0	0	0	0	0
0	9	0	-	2	0	35	T	A	-	-	0	0	0	3989	0	0	0	2271	0	0	0	1116	0	0	0	174	0	0	0	0	0	0	0	0	0	0	0	0
0	9	0	-	2	1	34	T	A	-	-	0	1	0	3992	0	0	0	2275	0	0	0	1117	0	0	0	174	0	0	0	0	0	0	0	0	0	0	0	0
0	9	0	-	2	2	33	A	T	-	-	3990	0	0	0	2272	0	0	0	1116	0	0	0	174	0	0	0	0	0	0	0	0	0	0	0	0	0	0	0
0	9	0	-	2	3	32	T	A	-	-	0	0	0	3992	0	0	0	2274	0	0	0	1117	0	0	0	174	0	0	0	0	0	0	0	0	0	0	0	0
0	9	0	-	2	4	31	G	C	-	-	0	0	3990	0	0	0	2272	0	0	0	1116	0	0	0	174	0	0	0	0	0	0	0	0	0	0	0	0	0
0	9	0	-	2	5	30	G	C	-	-	0	0	3994	0	0	0	2276	0	0	0	1118	0	0	0	174	0	0	0	0	0	0	0	0	0	0	0	0	0
0	9	0	-	2	6	29	A	T	-	-	3992	0	0	1	2275	0	0	0	1118	0	0	0	174	0	0	0	0	0	0	0	0	0	0	0	0	0	0	0
0	9	0	-	2	7	28	A	T	-	-	3992	0	1	0	2275	0	0	0	1117	0	0	0	174	0	0	0	0	0	0	0	0	0	0	0	0	0	0	0
0	9	0	-	2	8	27	G	C	-	-	0	0	3988	1	0	0	2271	0	0	0	1116	0	0	0	174	0	0	0	0	0	0	0	0	0	0	0	0	0
0	9	0	-	2	9	26	C	G	-	-	1	3986	0	0	0	2269	0	0	0	1114	0	0	0	174	0	0	0	0	0	0	0	0	0	0	0	0	0	0
0	9	0	-	2	10	25	C	G	-	-	2	3989	0	0	1	2272	0	0	0	1115	0	0	0	174	0	0	0	0	0	0	0	0	0	0	0	0	0	0
0	9	0	-	2	11	24	A	T	-	-	3989	1	0	0	2272	0	0	0	1115	0	0	0	174	0	0	0	0	0	0	0	0	0	0	0	0	0	0	0
0	9	0	-	2	12	23	G	C	-	-	0	0	3990	0	0	0	2272	0	0	0	1116	0	0	0	174	0	0	0	0	0	0	0	0	0	0	0	0	0
0	9	0	-	2	13	22	A	T	-	-	3994	0	0	0	2276	0	0	0	1118	0	0	0	174	0	0	0	0	0	0	0	0	0	0	0	0	0	0	0
0	9	0	-	2	14	21	G	C	-	-	0	0	3991	1	0	0	2274	0	0	0	1117	0	0	0	174	0	0	0	0	0	0	0	0	0	0	0	0	0
0	9	0	-	2	15	20	A	T	-	-	3994	0	0	0	2276	0	0	0	1118	0	0	0	174	0	0	0	0	0	0	0	0	0	0	0	0	0	0	0
0	9	0	-	2	16	19	G	C	-	-	0	0	3994	0	0	0	2276	0	0	0	1118	0	0	0	174	0	0	0	0	0	0	0	0	0	0	0	0	0
0	9	0	-	2	17	18	G	C	-	-	2	0	3988	1	0	0	2273	0	0	0	1118	0	0	0	174	0	0	0	0	0	0	0	0	0	0	0	0	0
0	9	0	-	2	18	17	A	T	-	-	3991	1	2	0	2276	0	0	0	1118	0	0	0	174	0	0	0	0	0	0	0	0	0	0	0	0	0	0	0
0	9	0	-	2	19	16	A	T	-	-	3989	0	0	0	2271	0	0	0	1115	0	0	0	174	0	0	0	0	0	0	0	0	0	0	0	0	0	0	0
0	9	0	-	2	20	15	T	A	-	-	0	0	0	3993	0	0	0	2275	0	0	0	1118	0	0	0	174	0	0	0	0	0	0	0	0	0	0	0	0
0	9	0	-	2	21	14	A	T	-	-	3990	2	0	0	2274	0	0	0	1116	0	0	0	174	0	0	0	0	0	0	0	0	0	0	0	0	0	0	0
0	9	0	-	2	22	13	A	T	-	-	3993	0	0	0	2275	0	0	0	1117	0	0	0	174	0	0	0	0	0	0	0	0	0	0	0	0	0	0	0
0	9	0	-	2	23	12	T	A	-	-	0	0	0	3992	0	0	0	2274	0	0	0	1117	0	0	0	174	0	0	0	0	0	0	0	0	0	0	0	0
0	9	0	-	2	24	11	G	C	-	-	1	0	3993	0	0	0	2276	0	0	0	1118	0	0	0	174	0	0	0	0	0	0	0	0	0	0	0	0	0
0	9	0	-	2	25	10	C	G	-	-	0	3992	0	0	0	2274	0	0	0	1116	0	0	0	174	0	0	0	0	0	0	0	0	0	0	0	0	0	0
0	9	0	-	2	26	9	T	A	-	-	0	1	0	3992	0	0	0	2275	0	0	0	1117	0	0	0	174	0	0	0	0	0	0	0	0	0	0	0	0
0	9	0	-	2	27	8	A	T	-	-	3992	1	0	0	2275	0	0	0	1118	0	0	0	174	0	0	0	0	0	0	0	0	0	0	0	0	0	0	0
2	9	0	-	2	28	7	A	T	T	A	3981	0	0	11	2269	0	0	5	1114	0	0	2	174	0	0	0	0	0	0	0	0	0	0	0	0	0	0	0
0	9	0	-	2	29	6	A	T	-	-	3987	1	0	0	2270	0	0	0	1114	0	0	0	174	0	0	0	0	0	0	0	0	0	0	0	0	0	0	0
0	9	0	-	2	30	5	G	C	-	-	0	0	3993	0	0	0	2275	0	0	0	1118	0	0	0	174	0	0	0	0	0	0	0	0	0	0	0	0	0
0	9	0	-	2	31	4	T	A	-	-	3	0	0	3979	0	0	0	2264	0	0	0	1112	0	0	0	174	0	0	0	0	0	0	0	0	0	0	0	0
0	9	0	-	2	32	3	T	A	-	-	0	0	0	3994	0	0	0	2276	0	0	0	1118	0	0	0	174	0	0	0	0	0	0	0	0	0	0	0	0
0	9	0	-	2	33	2	A	T	-	-	3991	0	0	0	2273	0	0	0	1116	0	0	0	174	0	0	0	0	0	0	0	0	0	0	0	0	0	0	0
0	9	0	-	2	34	1	T	A	-	-	0	0	1	3992	0	0	0	2275	0	0	0	1118	0	0	0	174	0	0	0	0	0	0	0	0	0	0	0	0
0	9	0	-	2	35	0	A	T	-	-	3987	1	1	0	2271	0	0	0	1115	0	0	0	174	0	0	0	0	0	0	0	0	0	0	0	0	0	0	0
