target_base	locus_index	reference_index	target_strand	read_index	read_pos	template_pos	expected_read_base	expected_template_base	variant_read_base	variant_template_base	A1	C1	G1	T1	A2	C2	G2	T2	A3	C3	G3	T3	A5	C5	G5	T5	A10	C10	G10	T10	A15	C15	G15	T15	A20	C20	G20	T20
0	3	0	+	1	0	0	C	C	-	-	0	1797	0	0	0	1092	0	0	0	564	0	0	0	107	0	0	0	1	0	0	0	0	0	0	0	0	0	0
0	3	0	+	1	1	1	A	A	-	-	1794	0	0	0	1089	0	0	0	562	0	0	0	107	0	0	0	1	0	0	0	0	0	0	0	0	0	0	0
0	3	0	+	1	2	2	A	A	-	-	1796	0	0	0	1091	0	0	0	563	0	0	0	107	0	0	0	1	0	0	0	0	0	0	0	0	0	0	0
0	3	0	+	1	3	3	G	G	-	-	0	0	1795	0	0	0	1090	0	0	0	564	0	0	0	107	0	0	0	1	0	0	0	0	0	0	0	0	0
0	3	0	+	1	4	4	C	C	-	-	0	1797	0	0	0	1092	0	0	0	564	0	0	0	107	0	0	0	1	0	0	0	0	0	0	0	0	0	0
0	3	0	+	1	5	5	C	C	-	-	1	1796	0	0	0	1092	0	0	0	564	0	0	0	107	0	0	0	1	0	0	0	0	0	0	0	0	0	0
0	3	0	+	1	6	6	C	C	-	-	0	1797	0	0	0	1092	0	0	0	564	0	0	0	107	0	0	0	1	0	0	0	0	0	0	0	0	0	0
0	3	0	+	1	7	7	C	C	-	-	1	1796	0	0	0	1092	0	0	0	564	0	0	0	107	0	0	0	1	0	0	0	0	0	0	0	0	0	0
0	3	0	+	1	8	8	A	A	-	-	1796	0	0	0	1091	0	0	0	564	0	0	0	107	0	0	0	1	0	0	0	0	0	0	0	0	0	0	0
0	3	0	+	1	9	9	C	C	-	-	0	1797	0	0	0	1092	0	0	0	564	0	0	0	107	0	0	0	1	0	0	0	0	0	0	0	0	0	0
0	3	0	+	1	10	10	T	T	-	-	0	0	0	1796	0	0	0	1091	0	0	0	563	0	0	0	107	0	0	0	1	0	0	0	0	0	0	0	0
0	3	0	+	1	11	11	T	T	-	-	0	0	0	1793	0	0	0	1088	0	0	0	564	0	0	0	107	0	0	0	1	0	0	0	0	0	0	0	0
0	3	0	+	1	12	12	C	C	-	-	0	1794	0	1	0	1090	0	0	0	562	0	0	0	107	0	0	0	1	0	0	0	0	0	0	0	0	0	0
0	3	0	+	1	13	13	A	A	-	-	1795	0	1	0	1091	0	0	0	564	0	0	0	107	0	0	0	1	0	0	0	0	0	0	0	0	0	0	0
0	3	0	+	1	14	14	G	G	-	-	0	0	1795	0	0	0	1090	0	0	0	562	0	0	0	107	0	0	0	1	0	0	0	0	0	0	0	0	0
0	3	0	+	1	15	15	A	A	-	-	1786	1	1	2	1085	0	0	0	560	0	0	0	107	0	0	0	1	0	0	0	0	0	0	0	0	0	0	0
0	3	0	+	1	16	16	G	G	-	-	1	0	1796	0	0	0	1092	0	0	0	564	0	0	0	107	0	0	0	1	0	0	0	0	0	0	0	0	0
0	3	0	+	1	17	17	G	G	-	-	0	0	1794	0	0	0	1089	0	0	0	562	0	0	0	107	0	0	0	1	0	0	0	0	0	0	0	0	0
0	3	0	+	1	18	18	C	C	-	-	1	1794	0	0	0	1090	0	0	0	564	0	0	0	107	0	0	0	1	0	0	0	0	0	0	0	0	0	0
0	3	0	+	1	19	19	T	T	-	-	0	0	0	1796	0	0	0	1091	0	0	0	563	0	0	0	107	0	0	0	1	0	0	0	0	0	0	0	0
0	3	0	+	1	20	20	T	T	-	-	0	0	0	1797	0	0	0	1092	0	0	0	564	0	0	0	107	0	0	0	1	0	0	0	0	0	0	0	0
0	3	0	+	1	21	21	T	T	-	-	0	1	0	1795	0	0	0	1091	0	0	0	564	0	0	0	107	0	0	0	1	0	0	0	0	0	0	0	0
2	3	0	+	1	22	22	G	G	C	C	0	6	1788	0	0	5	1084	0	0	2	559	0	0	1	106	0	0	0	1	0	0	0	0	0	0	0	0	0
0	3	0	+	1	23	23	C	C	-	-	0	1793	0	1	0	1089	0	0	0	562	0	0	0	107	0	0	0	1	0	0	0	0	0	0	0	0	0	0
0	3	0	+	1	24	24	T	T	-	-	0	0	0	1797	0	0	0	1092	0	0	0	564	0	0	0	107	0	0	0	1	0	0	0	0	0	0	0	0
0	3	0	+	1	25	25	T	T	-	-	0	0	0	1797	0	0	0	1092	0	0	0	564	0	0	0	107	0	0	0	1	0	0	0	0	0	0	0	0
0	3	0	+	1	26	26	T	T	-	-	0	0	0	1797	0	0	0	1092	0	0	0	564	0	0	0	107	0	0	0	1	0	0	0	0	0	0	0	0
0	3	0	+	1	27	27	T	T	-	-	0	0	0	1796	0	0	0	1091	0	0	0	563	0	0	0	107	0	0	0	1	0	0	0	0	0	0	0	0
0	3	0	+	1	28	28	T	T	-	-	0	0	0	1796	0	0	0	1091	0	0	0	563	0	0	0	107	0	0	0	1	0	0	0	0	0	0	0	0
0	3	0	+	1	29	29	T	T	-	-	0	0	0	1796	0	0	0	1091	0	0	0	564	0	0	0	107	0	0	0	1	0	0	0	0	0	0	0	0
0	3	0	+	1	30	30	C	C	-	-	0	1792	0	1	0	1088	0	0	0	560	0	0	0	107	0	0	0	1	0	0	0	0	0	0	0	0	0	0
0	3	0	+	1	31	31	A	A	-	-	1792	0	1	0	1088	0	0	0	561	0	0	0	106	0	0	0	1	0	0	0	0	0	0	0	0	0	0	0
0	3	0	+	1	32	32	C	C	-	-	0	1786	0	3	0	1084	0	0	0	558	0	0	0	107	0	0	0	1	0	0	0	0	0	0	0	0	0	0
0	3	0	+	1	33	33	G	G	-	-	0	0	1794	0	0	0	1089	0	0	0	561	0	0	0	107	0	0	0	1	0	0	0	0	0	0	0	0	0
0	3	0	+	1	34	34	C	C	-	-	0	1791	0	1	0	1087	0	0	0	561	0	0	0	107	0	0	0	1	0	0	0	0	0	0	0	0	0	0
0	3	0	+	1	35	35	C	C	-	-	0	1795	0	0	0	1090	0	0	0	563	0	0	0	107	0	0	0	1	0	0	0	0	0	0	0	0	0	0
0	3	0	+	1	36	36	G	G	-	-	1	0	1790	0	0	0	1086	0	0	0	560	0	0	0	107	0	0	0	1	0	0	0	0	0	0	0	0	0
0	3	0	+	1	37	37	G	G	-	-	1	0	1794	0	0	0	1090	0	0	0	563	0	0	0	107	0	0	0	1	0	0	0	0	0	0	0	0	0
0	3	0	+	1	38	38	G	G	-	-	0	0	1795	0	0	0	1090	0	0	0	562	0	0	0	107	0	0	0	1	0	0	0	0	0	0	0	0	0
0	3	0	+	1	39	39	C	C	-	-	0	1796	0	0	0	1091	0	0	0	564	0	0	0	107	0	0	0	1	0	0	0	0	0	0	0	0	0	0
0	3	0	+	1	40	40	A	A	-	-	1795	0	1	0	1091	0	0	0	563	0	0	0	107	0	0	0	1	0	0	0	0	0	0	0	0	0	0	0
0	3	0	+	1	41	41	G	G	-	-	0	0	1796	0	0	0	1091	0	0	0	563	0	0	0	107	0	0	0	1	0	0	0	0	0	0	0	0	0
0	3	0	+	1	42	42	G	G	-	-	0	0	1796	1	0	0	1092	0	0	0	564	0	0	0	107	0	0	0	1	0	0	0	0	0	0	0	0	0
0	3	0	+	1	43	43	G	G	-	-	0	0	1794	0	0	0	1089	0	0	0	563	0	0	0	107	0	0	0	1	0	0	0	0	0	0	0	0	0
0	3	0	+	1	44	44	A	A	-	-	1793	1	0	0	1089	0	0	0	562	0	0	0	107	0	0	0	1	0	0	0	0	0	0	0	0	0	0	0
0	3	0	+	1	45	45	C	C	-	-	0	1796	0	0	0	1091	0	0	0	564	0	0	0	107	0	0	0	1	0	0	0	0	0	0	0	0	0	0
0	3	0	+	2	0	45	G	C	-	-	0	0	1796	0	0	0	1091	0	0	0	564	0	0	0	107	0	0	0	1	0	0	0	0	0	0	0	0	0
0	3	0	+	2	1	44	T	A	-	-	0	0	0	1794	0	0	0	1089	0	0	0	562	0	0	0	107	0	0	0	1	0	0	0	0	0	0	0	0
0	3	0	+	2	2	43	C	G	-	-	1	1794	1	0	0	1091	0	0	0	564	0	0	0	107	0	0	0	1	0	0	0	0	0	0	0	0	0	0
0	3	0	+	2	3	42	C	G	-	-	1	1796	0	0	0	1092	0	0	0	564	0	0	0	107	0	0	0	1	0	0	0	0	0	0	0	0	0	0
0	3	0	+	2	4	41	C	G	-	-	0	1796	0	0	0	1091	0	0	0	563	0	0	0	107	0	0	0	1	0	0	0	0	0	0	0	0	0	0
0	3	0	+	2	5	40	T	A	-	-	0	1	0	1795	0	0	0	1091	0	0	0	563	0	0	0	107	0	0	0	1	0	0	0	0	0	0	0	0
0	3	0	+	2	6	39	G	C	-	-	0	0	1796	0	0	0	1091	0	0	0	564	0	0	0	107	0	0	0	1	0	0	0	0	0	0	0	0	0
0	3	0	+	2	7	38	C	G	-	-	0	1795	0	0	0	1090	0	0	0	562	0	0	0	107	0	0	0	1	0	0	0	0	0	0	0	0	0	0
0	3	0	+	2	8	37	C	G	-	-	0	1793	0	1	0	1089	0	0	0	562	0	0	0	107	0	0	0	1	0	0	0	0	0	0	0	0	0	0
0	3	0	+	2	9	36	C	G	-	-	0	1793	0	1	0	1089	0	0	0	562	0	0	0	107	0	0	0	1	0	0	0	0	0	0	0	0	0	0
0	3	0	+	2	10	35	G	C	-	-	0	0	1797	0	0	0	1092	0	0	0	564	0	0	0	107	0	0	0	1	0	0	0	0	0	0	0	0	0
0	3	0	+	2	11	34	G	C	-	-	1	0	1791	0	0	0	1087	0	0	0	562	0	0	0	107	0	0	0	1	0	0	0	0	0	0	0	0	0
0	3	0	+	2	12	33	C	G	-	-	0	1796	0	0	0	1091	0	0	0	563	0	0	0	107	0	0	0	1	0	0	0	0	0	0	0	0	0	0
0	3	0	+	2	13	32	G	C	-	-	3	0	1786	1	0	0	1085	0	0	0	559	0	0	0	107	0	0	0	1	0	0	0	0	0	0	0	0	0
0	3	0	+	2	14	31	T	A	-	-	3	1	1	1784	0	0	0	1084	0	0	0	560	0	0	0	106	0	0	0	1	0	0	0	0	0	0	0	0
0	3	0	+	2	15	30	G	C	-	-	1	0	1792	0	0	0	1088	0	0	0	560	0	0	0	107	0	0	0	1	0	0	0	0	0	0	0	0	0
0	3	0	+	2	16	29	A	T	-	-	1796	0	0	0	1091	0	0	0	564	0	0	0	107	0	0	0	1	0	0	0	0	0	0	0	0	0	0	0
0	3	0	+	2	17	28	A	T	-	-	1796	0	0	0	1091	0	0	0	563	0	0	0	107	0	0	0	1	0	0	0	0	0	0	0	0	0	0	0
0	3	0	+	2	18	27	A	T	-	-	1796	0	0	0	1091	0	0	0	563	0	0	0	107	0	0	0	1	0	0	0	0	0	0	0	0	0	0	0
0	3	0	+	2	19	26	A	T	-	-	1797	0	0	0	1092	0	0	0	564	0	0	0	107	0	0	0	1	0	0	0	0	0	0	0	0	0	0	0
0	3	0	+	2	20	25	A	T	-	-	1797	0	0	0	1092	0	0	0	564	0	0	0	107	0	0	0	1	0	0	0	0	0	0	0	0	0	0	0
0	3	0	+	2	21	24	A	T	-	-	1795	0	1	1	1092	0	0	0	564	0	0	0	107	0	0	0	1	0	0	0	0	0	0	0	0	0	0	0
0	3	0	+	2	22	23	G	C	-	-	1	0	1794	0	0	0	1090	0	0	0	563	0	0	0	107	0	0	0	1	0	0	0	0	0	0	0	0	0
2	3	0	+	2	23	22	C	G	G	C	0	1788	6	0	0	1084	5	0	0	559	2	0	0	106	1	0	0	1	0	0	0	0	0	0	0	0	0	0
0	3	0	+	2	24	21	A	T	-	-	1795	0	1	0	1091	0	0	0	564	0	0	0	107	0	0	0	1	0	0	0	0	0	0	0	0	0	0	0
0	3	0	+	2	25	20	A	T	-	-	1796	0	0	0	1091	0	0	0	563	0	0	0	107	0	0	0	1	0	0	0	0	0	0	0	0	0	0	0
0	3	0	+	2	26	19	A	T	-	-	1790	0	0	1	1086	0	0	0	559	0	0	0	107	0	0	0	1	0	0	0	0	0	0	0	0	0	0	0
0	3	0	+	2	27	18	G	C	-	-	0	1	1794	0	0	0	1090	0	0	0	562	0	0	0	107	0	0	0	1	0	0	0	0	0	0	0	0	0
0	3	0	+	2	28	17	C	G	-	-	1	1795	0	0	0	1091	0	0	0	563	0	0	0	107	0	0	0	1	0	0	0	0	0	0	0	0	0	0
0	3	0	+	2	29	16	C	G	-	-	1	1796	0	0	0	1092	0	0	0	564	0	0	0	107	0	0	0	1	0	0	0	0	0	0	0	0	0	0
0	3	0	+	2	30	15	T	A	-	-	2	0	0	1794	0	0	0	1091	0	0	0	563	0	0	0	107	0	0	0	1	0	0	0	0	0	0	0	0
0	3	0	+	2	31	14	C	G	-	-	0	1796	0	0	0	1091	0	0	0	563	0	0	0	107	0	0	0	1	0	0	0	0	0	0	0	0	0	0
0	3	0	+	2	32	13	T	A	-	-	0	0	0	1795	0	0	0	1090	0	0	0	563	0	0	0	107	0	0	0	1	0	0	0	0	0	0	0	0
0	3	0	+	2	33	12	G	C	-	-	0	0	1795	1	0	0	1091	0	0	0	563	0	0	0	107	0	0	0	1	0	0	0	0	0	0	0	0	0
0	3	0	+	2	34	11	A	T	-	-	1795	1	0	0	1091	0	0	0	564	0	0	0	107	0	0	0	1	0	0	0	0	0	0	0	0	0	0	0
0	3	0	+	2	35	10	A	T	-	-	1792	0	0	1	1088	0	0	0	560	0	0	0	107	0	0	0	1	0	0	0	0	0	0	0	0	0	0	0
0	3	0	+	2	36	9	G	C	-	-	0	0	1797	0	0	0	1092	0	0	0	564	0	0	0	107	0	0	0	1	0	0	0	0	0	0	0	0	0
0	3	0	+	2	37	8	T	A	-	-	2	3	3	1768	0	0	0	1071	0	0	0	553	0	0	0	107	0	0	0	1	0	0	0	0	0	0	0	0
0	3	0	+	2	38	7	G	C	-	-	0	0	1796	1	0	0	1092	0	0	0	564	0	0	0	107	0	0	0	1	0	0	0	0	0	0	0	0	0
0	3	0	+	2	39	6	G	C	-	-	0	0	1796	1	0	0	1092	0	0	0	564	0	0	0	107	0	0	0	1	0	0	0	0	0	0	0	0	0
0	3	0	+	2	40	5	G	C	-	-	0	0	1795	0	0	0	1090	0	0	0	563	0	0	0	107	0	0	0	1	0	0	0	0	0	0	0	0	0
0	3	0	+	2	41	4	G	C	-	-	1	0	1778	3	0	0	1077	0	0	0	555	0	0	0	107	0	0	0	1	0	0	0	0	0	0	0	0	0
0	3	0	+	2	42	3	C	G	-	-	0	1797	0	0	0	1092	0	0	0	564	0	0	0	107	0	0	0	1	0	0	0	0	0	0	0	0	0	0
0	3	0	+	2	43	2	T	A	-	-	0	0	0	1796	0	0	0	1091	0	0	0	563	0	0	0	107	0	0	0	1	0	0	0	0	0	0	0	0
0	3	0	+	2	44	1	T	A	-	-	0	0	0	1794	0	0	0	1089	0	0	0	562	0	0	0	107	0	0	0	1	0	0	0	0	0	0	0	0
0	3	0	+	2	45	0	G	C	-	-	0	0	1796	0	0	0	1091	0	0	0	563	0	0	0	107	0	0	0	1	0	0	0	0	0	0	0	0	0
