target_base	locus_index	reference_index	target_strand	read_index	read_pos	template_pos	expected_read_base	expected_template_base	variant_read_base	variant_template_base	A1	C1	G1	T1	A2	C2	G2	T2	A3	C3	G3	T3	A5	C5	G5	T5	A10	C10	G10	T10	A15	C15	G15	T15	A20	C20	G20	T20
0	10	0	+	1	0	0	T	T	-	-	0	1	0	3528	0	0	0	1695	0	0	0	681	0	0	0	82	0	0	0	0	0	0	0	0	0	0	0	0
0	10	0	+	1	1	1	A	A	-	-	3529	0	1	0	1696	0	0	0	682	0	0	0	82	0	0	0	0	0	0	0	0	0	0	0	0	0	0	0
0	10	0	+	1	2	2	A	A	-	-	3530	0	0	0	1696	0	0	0	682	0	0	0	82	0	0	0	0	0	0	0	0	0	0	0	0	0	0	0
0	10	0	+	1	3	3	C	C	-	-	1	3529	0	0	0	1696	0	0	0	681	0	0	0	82	0	0	0	0	0	0	0	0	0	0	0	0	0	0
0	10	0	+	1	4	4	A	A	-	-	3529	0	0	1	1696	0	0	0	682	0	0	0	82	0	0	0	0	0	0	0	0	0	0	0	0	0	0	0
0	10	0	+	1	5	5	T	T	-	-	1	0	0	3527	0	0	0	1694	0	0	0	681	0	0	0	82	0	0	0	0	0	0	0	0	0	0	0	0
0	10	0	+	1	6	6	C	C	-	-	0	3529	0	1	0	1696	0	0	0	681	0	0	0	82	0	0	0	0	0	0	0	0	0	0	0	0	0	0
0	10	0	+	1	7	7	C	C	-	-	0	3530	0	0	0	1696	0	0	0	682	0	0	0	82	0	0	0	0	0	0	0	0	0	0	0	0	0	0
0	10	0	+	1	8	8	T	T	-	-	0	0	0	3528	0	0	0	1694	0	0	0	681	0	0	0	82	0	0	0	0	0	0	0	0	0	0	0	0
0	10	0	+	1	9	9	A	A	-	-	3528	0	1	0	1695	0	0	0	680	0	0	0	82	0	0	0	0	0	0	0	0	0	0	0	0	0	0	0
0	10	0	+	1	10	10	G	G	-	-	0	1	3528	0	0	0	1695	0	0	0	681	0	0	0	82	0	0	0	0	0	0	0	0	0	0	0	0	0
2	10	0	+	1	11	11	C	C	T	T	0	3520	0	7	0	1691	0	2	0	677	0	2	0	82	0	0	0	0	0	0	0	0	0	0	0	0	0	0
0	10	0	+	1	12	12	G	G	-	-	0	0	3528	1	0	0	1695	0	0	0	680	0	0	0	82	0	0	0	0	0	0	0	0	0	0	0	0	0
0	10	0	+	1	13	13	A	A	-	-	3524	0	0	0	1690	0	0	0	678	0	0	0	82	0	0	0	0	0	0	0	0	0	0	0	0	0	0	0
0	10	0	+	1	14	14	A	A	-	-	3530	0	0	0	1696	0	0	0	682	0	0	0	82	0	0	0	0	0	0	0	0	0	0	0	0	0	0	0
0	10	0	+	1	15	15	T	T	-	-	0	0	0	3529	0	0	0	1695	0	0	0	681	0	0	0	82	0	0	0	0	0	0	0	0	0	0	0	0
0	10	0	+	1	16	16	A	A	-	-	3528	0	0	0	1694	0	0	0	681	0	0	0	82	0	0	0	0	0	0	0	0	0	0	0	0	0	0	0
0	10	0	+	1	17	17	A	A	-	-	3530	0	0	0	1696	0	0	0	682	0	0	0	82	0	0	0	0	0	0	0	0	0	0	0	0	0	0	0
0	10	0	+	1	18	18	A	A	-	-	3531	0	0	0	1697	0	0	0	682	0	0	0	82	0	0	0	0	0	0	0	0	0	0	0	0	0	0	0
0	10	0	+	1	19	19	A	A	-	-	3526	0	3	2	1697	0	0	0	682	0	0	0	82	0	0	0	0	0	0	0	0	0	0	0	0	0	0	0
0	10	0	+	1	20	20	G	G	-	-	0	0	3529	0	0	0	1695	0	0	0	682	0	0	0	82	0	0	0	0	0	0	0	0	0	0	0	0	0
0	10	0	+	1	21	21	T	T	-	-	0	1	4	3513	0	0	0	1684	0	0	0	678	0	0	0	82	0	0	0	0	0	0	0	0	0	0	0	0
0	10	0	+	1	22	22	C	C	-	-	1	3528	0	0	0	1695	0	0	0	680	0	0	0	82	0	0	0	0	0	0	0	0	0	0	0	0	0	0
0	10	0	+	1	23	23	C	C	-	-	0	3526	0	0	0	1692	0	0	0	679	0	0	0	82	0	0	0	0	0	0	0	0	0	0	0	0	0	0
0	10	0	+	1	24	24	C	C	-	-	1	3529	0	0	0	1696	0	0	0	681	0	0	0	82	0	0	0	0	0	0	0	0	0	0	0	0	0	0
0	10	0	+	1	25	25	A	A	-	-	3528	0	0	1	1695	0	0	0	680	0	0	0	82	0	0	0	0	0	0	0	0	0	0	0	0	0	0	0
0	10	0	+	1	26	26	A	A	-	-	3531	0	0	0	1697	0	0	0	682	0	0	0	82	0	0	0	0	0	0	0	0	0	0	0	0	0	0	0
0	10	0	+	1	27	27	A	A	-	-	3530	0	0	0	1696	0	0	0	681	0	0	0	82	0	0	0	0	0	0	0	0	0	0	0	0	0	0	0
0	10	0	+	1	28	28	G	G	-	-	1	0	3525	0	0	0	1692	0	0	0	680	0	0	0	82	0	0	0	0	0	0	0	0	0	0	0	0	0
0	10	0	+	2	0	28	C	G	-	-	3	3528	0	0	0	1697	0	0	0	682	0	0	0	82	0	0	0	0	0	0	0	0	0	0	0	0	0	0
0	10	0	+	2	1	27	T	A	-	-	0	0	0	3528	0	0	0	1694	0	0	0	679	0	0	0	82	0	0	0	0	0	0	0	0	0	0	0	0
0	10	0	+	2	2	26	T	A	-	-	0	0	0	3531	0	0	0	1697	0	0	0	682	0	0	0	82	0	0	0	0	0	0	0	0	0	0	0	0
0	10	0	+	2	3	25	T	A	-	-	0	0	0	3528	0	0	0	1694	0	0	0	680	0	0	0	82	0	0	0	0	0	0	0	0	0	0	0	0
0	10	0	+	2	4	24	G	C	-	-	0	0	3529	2	0	0	1697	0	0	0	682	0	0	0	82	0	0	0	0	0	0	0	0	0	0	0	0	0
0	10	0	+	2	5	23	G	C	-	-	0	0	3528	0	0	0	1694	0	0	0	680	0	0	0	82	0	0	0	0	0	0	0	0	0	0	0	0	0
0	10	0	+	2	6	22	G	C	-	-	0	0	3530	0	0	0	1696	0	0	0	681	0	0	0	82	0	0	0	0	0	0	0	0	0	0	0	0	0
0	10	0	+	2	7	21	A	T	-	-	3523	1	0	0	1690	0	0	0	680	0	0	0	82	0	0	0	0	0	0	0	0	0	0	0	0	0	0	0
0	10	0	+	2	8	20	C	G	-	-	0	3528	0	1	0	1695	0	0	0	681	0	0	0	82	0	0	0	0	0	0	0	0	0	0	0	0	0	0
0	10	0	+	2	9	19	T	A	-	-	2	3	0	3525	0	0	0	1696	0	0	0	682	0	0	0	82	0	0	0	0	0	0	0	0	0	0	0	0
0	10	0	+	2	10	18	T	A	-	-	0	0	0	3531	0	0	0	1697	0	0	0	682	0	0	0	82	0	0	0	0	0	0	0	0	0	0	0	0
0	10	0	+	2	11	17	T	A	-	-	0	0	0	3530	0	0	0	1696	0	0	0	682	0	0	0	82	0	0	0	0	0	0	0	0	0	0	0	0
0	10	0	+	2	12	16	T	A	-	-	1	0	0	3528	0	0	0	1695	0	0	0	681	0	0	0	82	0	0	0	0	0	0	0	0	0	0	0	0
0	10	0	+	2	13	15	A	T	-	-	3527	0	0	2	1695	0	0	0	682	0	0	0	82	0	0	0	0	0	0	0	0	0	0	0	0	0	0	0
0	10	0	+	2	14	14	T	A	-	-	0	0	0	3531	0	0	0	1697	0	0	0	682	0	0	0	82	0	0	0	0	0	0	0	0	0	0	0	0
0	10	0	+	2	15	13	T	A	-	-	0	0	0	3529	0	0	0	1695	0	0	0	681	0	0	0	82	0	0	0	0	0	0	0	0	0	0	0	0
0	10	0	+	2	16	12	C	G	-	-	1	3525	0	2	0	1694	0	0	0	680	0	0	0	82	0	0	0	0	0	0	0	0	0	0	0	0	0	0
2	10	0	+	2	17	11	G	C	A	T	6	0	3519	1	2	0	1690	0	2	0	676	0	0	0	82	0	0	0	0	0	0	0	0	0	0	0	0	0
0	10	0	+	2	18	10	C	G	-	-	1	3526	1	0	0	1694	0	0	0	681	0	0	0	82	0	0	0	0	0	0	0	0	0	0	0	0	0	0
0	10	0	+	2	19	9	T	A	-	-	1	0	0	3529	0	0	0	1696	0	0	0	681	0	0	0	82	0	0	0	0	0	0	0	0	0	0	0	0
0	10	0	+	2	20	8	A	T	-	-	3527	0	1	0	1694	0	0	0	681	0	0	0	82	0	0	0	0	0	0	0	0	0	0	0	0	0	0	0
0	10	0	+	2	21	7	G	C	-	-	0	0	3529	1	0	0	1696	0	0	0	681	0	0	0	82	0	0	0	0	0	0	0	0	0	0	0	0	0
0	10	0	+	2	22	6	G	C	-	-	0	0	3528	2	0	0	1696	0	0	0	682	0	0	0	82	0	0	0	0	0	0	0	0	0	0	0	0	0
0	10	0	+	2	23	5	A	T	-	-	3526	0	1	0	1693	0	0	0	680	0	0	0	82	0	0	0	0	0	0	0	0	0	0	0	0	0	0	0
0	10	0	+	2	24	4	T	A	-	-	2	0	1	3527	0	0	0	1696	0	0	0	682	0	0	0	82	0	0	0	0	0	0	0	0	0	0	0	0
0	10	0	+	2	25	3	G	C	-	-	0	0	3527	1	0	0	1694	0	0	0	679	0	0	0	82	0	0	0	0	0	0	0	0	0	0	0	0	0
0	10	0	+	2	26	2	T	A	-	-	1	0	0	3529	0	0	0	1696	0	0	0	682	0	0	0	82	0	0	0	0	0	0	0	0	0	0	0	0
0	10	0	+	2	27	1	T	A	-	-	0	1	0	3529	0	0	0	1696	0	0	0	682	0	0	0	82	0	0	0	0	0	0	0	0	0	0	0	0
0	10	0	+	2	28	0	A	T	-	-	3529	0	1	0	1696	0	0	0	682	0	0	0	82	0	0	0	0	0	0	0	0	0	0	0	0	0	0	0
