target_base	locus_index	reference_index	target_strand	read_index	read_pos	template_pos	expected_read_base	expected_template_base	variant_read_base	variant_template_base	A1	C1	G1	T1	A2	C2	G2	T2	A3	C3	G3	T3	A5	C5	G5	T5	A10	C10	G10	T10	A15	C15	G15	T15	A20	C20	G20	T20
0	24	0	-	1	0	0	C	C	-	-	0	3671	0	1	0	2383	0	0	0	1268	0	0	0	288	0	0	0	2	0	0	0	0	0	0	0	0	0	0
2	24	0	-	1	1	1	A	A	G	G	3664	0	7	0	2377	0	5	0	1265	0	2	0	286	0	2	0	2	0	0	0	0	0	0	0	0	0	0	0
0	24	0	-	1	2	2	A	A	-	-	3673	0	0	0	2384	0	0	0	1269	0	0	0	288	0	0	0	2	0	0	0	0	0	0	0	0	0	0	0
0	24	0	-	1	3	3	A	A	-	-	3674	0	0	0	2385	0	0	0	1270	0	0	0	288	0	0	0	2	0	0	0	0	0	0	0	0	0	0	0
0	24	0	-	1	4	4	C	C	-	-	0	3674	0	0	0	2385	0	0	0	1270	0	0	0	288	0	0	0	2	0	0	0	0	0	0	0	0	0	0
0	24	0	-	1	5	5	T	T	-	-	0	0	0	3673	0	0	0	2384	0	0	0	1269	0	0	0	288	0	0	0	2	0	0	0	0	0	0	0	0
0	24	0	-	1	6	6	A	A	-	-	3674	0	0	0	2385	0	0	0	1270	0	0	0	288	0	0	0	2	0	0	0	0	0	0	0	0	0	0	0
0	24	0	-	1	7	7	C	C	-	-	0	3673	0	0	0	2384	0	0	0	1270	0	0	0	288	0	0	0	2	0	0	0	0	0	0	0	0	0	0
0	24	0	-	1	8	8	A	A	-	-	3669	0	0	0	2380	0	0	0	1268	0	0	0	288	0	0	0	2	0	0	0	0	0	0	0	0	0	0	0
0	24	0	-	1	9	9	G	G	-	-	0	0	3659	5	0	0	2375	0	0	0	1265	0	0	0	288	0	0	0	2	0	0	0	0	0	0	0	0	0
0	24	0	-	1	10	10	G	G	-	-	0	0	3668	0	0	0	2379	0	0	0	1266	0	0	0	288	0	0	0	2	0	0	0	0	0	0	0	0	0
0	24	0	-	1	11	11	A	A	-	-	3674	0	0	0	2385	0	0	0	1270	0	0	0	288	0	0	0	2	0	0	0	0	0	0	0	0	0	0	0
0	24	0	-	1	12	12	G	G	-	-	0	0	3672	0	0	0	2383	0	0	0	1270	0	0	0	288	0	0	0	2	0	0	0	0	0	0	0	0	0
0	24	0	-	1	13	13	A	A	-	-	3672	0	0	0	2383	0	0	0	1269	0	0	0	288	0	0	0	2	0	0	0	0	0	0	0	0	0	0	0
0	24	0	-	1	14	14	T	T	-	-	1	0	0	3669	0	0	0	2381	0	0	0	1268	0	0	0	288	0	0	0	2	0	0	0	0	0	0	0	0
0	24	0	-	1	15	15	G	G	-	-	0	0	3672	1	0	0	2384	0	0	0	1269	0	0	0	288	0	0	0	2	0	0	0	0	0	0	0	0	0
0	24	0	-	1	16	16	C	C	-	-	1	3670	0	0	0	2382	0	0	0	1267	0	0	0	288	0	0	0	2	0	0	0	0	0	0	0	0	0	0
0	24	0	-	1	17	17	T	T	-	-	0	0	0	3669	0	0	0	2380	0	0	0	1266	0	0	0	288	0	0	0	2	0	0	0	0	0	0	0	0
0	24	0	-	1	18	18	G	G	-	-	0	0	3671	0	0	0	2382	0	0	0	1268	0	0	0	288	0	0	0	2	0	0	0	0	0	0	0	0	0
0	24	0	-	1	19	19	C	C	-	-	1	3670	0	0	1	2381	0	0	0	1269	0	0	0	288	0	0	0	2	0	0	0	0	0	0	0	0	0	0
0	24	0	-	1	20	20	A	A	-	-	3672	0	0	0	2383	0	0	0	1269	0	0	0	288	0	0	0	2	0	0	0	0	0	0	0	0	0	0	0
0	24	0	-	1	21	21	G	G	-	-	0	0	3672	1	0	0	2384	0	0	0	1269	0	0	0	288	0	0	0	2	0	0	0	0	0	0	0	0	0
0	24	0	-	1	22	22	A	A	-	-	3669	0	0	0	2380	0	0	0	1266	0	0	0	288	0	0	0	2	0	0	0	0	0	0	0	0	0	0	0
0	24	0	-	1	23	23	G	G	-	-	0	0	3673	0	0	0	2384	0	0	0	1269	0	0	0	288	0	0	0	2	0	0	0	0	0	0	0	0	0
0	24	0	-	1	24	24	G	G	-	-	0	0	3673	0	0	0	2384	0	0	0	1269	0	0	0	288	0	0	0	2	0	0	0	0	0	0	0	0	0
0	24	0	-	1	25	25	T	T	-	-	4	4	0	3636	0	0	0	2355	0	0	0	1254	0	0	0	288	0	0	0	2	0	0	0	0	0	0	0	0
0	24	0	-	1	26	26	C	C	-	-	2	3669	0	0	0	2382	0	0	0	1270	0	0	0	288	0	0	0	2	0	0	0	0	0	0	0	0	0	0
0	24	0	-	1	27	27	A	A	-	-	3672	0	0	0	2383	0	0	0	1268	0	0	0	288	0	0	0	2	0	0	0	0	0	0	0	0	0	0	0
0	24	0	-	1	28	28	T	T	-	-	0	1	0	3671	0	0	0	2383	0	0	0	1270	0	0	0	288	0	0	0	2	0	0	0	0	0	0	0	0
0	24	0	-	1	29	29	C	C	-	-	1	3672	0	1	0	2385	0	0	0	1270	0	0	0	288	0	0	0	2	0	0	0	0	0	0	0	0	0	0
0	24	0	-	1	30	30	A	A	-	-	3671	0	1	0	2383	0	0	0	1270	0	0	0	288	0	0	0	2	0	0	0	0	0	0	0	0	0	0	0
0	24	0	-	1	31	31	G	G	-	-	0	0	3672	0	0	0	2383	0	0	0	1270	0	0	0	288	0	0	0	2	0	0	0	0	0	0	0	0	0
0	24	0	-	1	32	32	A	A	-	-	3670	0	0	0	2381	0	0	0	1267	0	0	0	288	0	0	0	2	0	0	0	0	0	0	0	0	0	0	0
0	24	0	-	1	33	33	T	T	-	-	0	1	0	3673	0	0	0	2385	0	0	0	1270	0	0	0	288	0	0	0	2	0	0	0	0	0	0	0	0
0	24	0	-	1	34	34	G	G	-	-	1	0	3668	0	0	0	2380	0	0	0	1269	0	0	0	288	0	0	0	2	0	0	0	0	0	0	0	0	0
0	24	0	-	1	35	35	C	C	-	-	1	3671	0	1	0	2384	0	0	0	1270	0	0	0	288	0	0	0	2	0	0	0	0	0	0	0	0	0	0
0	24	0	-	1	36	36	A	A	-	-	3670	0	1	0	2382	0	0	0	1268	0	0	0	288	0	0	0	2	0	0	0	0	0	0	0	0	0	0	0
0	24	0	-	1	37	37	G	G	-	-	0	0	3672	2	0	0	2385	0	0	0	1270	0	0	0	288	0	0	0	2	0	0	0	0	0	0	0	0	0
0	24	0	-	1	38	38	A	A	-	-	3672	0	0	0	2383	0	0	0	1269	0	0	0	288	0	0	0	2	0	0	0	0	0	0	0	0	0	0	0
0	24	0	-	1	39	39	C	C	-	-	0	3671	0	0	0	2382	0	0	0	1267	0	0	0	288	0	0	0	2	0	0	0	0	0	0	0	0	0	0
0	24	0	-	1	40	40	T	T	-	-	0	1	0	3668	0	0	0	2380	0	0	0	1267	0	0	0	288	0	0	0	2	0	0	0	0	0	0	0	0
0	24	0	-	1	41	41	T	T	-	-	0	0	0	3671	0	0	0	2382	0	0	0	1267	0	0	0	288	0	0	0	2	0	0	0	0	0	0	0	0
0	24	0	-	1	42	42	T	T	-	-	0	0	0	3672	0	0	0	2383	0	0	0	1269	0	0	0	288	0	0	0	2	0	0	0	0	0	0	0	0
0	24	0	-	1	43	43	C	C	-	-	1	3672	0	0	0	2384	0	0	0	1269	0	0	0	288	0	0	0	2	0	0	0	0	0	0	0	0	0	0
0	24	0	-	1	44	44	A	A	-	-	3672	0	0	0	2383	0	0	0	1270	0	0	0	288	0	0	0	2	0	0	0	0	0	0	0	0	0	0	0
0	24	0	-	1	45	45	A	A	-	-	3671	0	0	0	2382	0	0	0	1268	0	0	0	287	0	0	0	2	0	0	0	0	0	0	0	0	0	0	0
0	24	0	-	1	46	46	C	C	-	-	0	3671	0	0	0	2382	0	0	0	1268	0	0	0	288	0	0	0	2	0	0	0	0	0	0	0	0	0	0
0	24	0	-	1	47	47	T	T	-	-	0	0	0	3674	0	0	0	2385	0	0	0	1270	0	0	0	288	0	0	0	2	0	0	0	0	0	0	0	0
0	24	0	-	2	0	47	A	T	-	-	3671	0	1	0	2383	0	0	0	1269	0	0	0	288	0	0	0	2	0	0	0	0	0	0	0	0	0	0	0
0	24	0	-	2	1	46	G	C	-	-	0	0	3671	0	0	0	2382	0	0	0	1268	0	0	0	288	0	0	0	2	0	0	0	0	0	0	0	0	0
0	24	0	-	2	2	45	T	A	-	-	0	0	0	3668	0	0	0	2379	0	0	0	1267	0	0	0	287	0	0	0	2	0	0	0	0	0	0	0	0
0	24	0	-	2	3	44	T	A	-	-	0	0	0	3671	0	0	0	2382	0	0	0	1269	0	0	0	288	0	0	0	2	0	0	0	0	0	0	0	0
0	24	0	-	2	4	43	G	C	-	-	0	0	3671	1	0	0	2383	0	0	0	1268	0	0	0	288	0	0	0	2	0	0	0	0	0	0	0	0	0
0	24	0	-	2	5	42	A	T	-	-	3674	0	0	0	2385	0	0	0	1270	0	0	0	288	0	0	0	2	0	0	0	0	0	0	0	0	0	0	0
0	24	0	-	2	6	41	A	T	-	-	3673	0	0	0	2384	0	0	0	1269	0	0	0	288	0	0	0	2	0	0	0	0	0	0	0	0	0	0	0
0	24	0	-	2	7	40	A	T	-	-	3672	0	1	0	2384	0	0	0	1270	0	0	0	288	0	0	0	2	0	0	0	0	0	0	0	0	0	0	0
0	24	0	-	2	8	39	G	C	-	-	0	0	3670	0	0	0	2381	0	0	0	1266	0	0	0	288	0	0	0	2	0	0	0	0	0	0	0	0	0
0	24	0	-	2	9	38	T	A	-	-	0	1	2	3659	0	0	0	2373	0	0	0	1261	0	0	0	288	0	0	0	2	0	0	0	0	0	0	0	0
0	24	0	-	2	10	37	C	G	-	-	1	3669	0	1	0	2382	0	0	0	1268	0	0	0	288	0	0	0	2	0	0	0	0	0	0	0	0	0	0
0	24	0	-	2	11	36	T	A	-	-	2	5	3	3635	0	0	0	2356	0	0	0	1248	0	0	0	288	0	0	0	2	0	0	0	0	0	0	0	0
0	24	0	-	2	12	35	G	C	-	-	1	0	3671	1	0	0	2384	0	0	0	1270	0	0	0	288	0	0	0	2	0	0	0	0	0	0	0	0	0
0	24	0	-	2	13	34	C	G	-	-	1	3669	0	1	0	2382	0	0	0	1269	0	0	0	288	0	0	0	2	0	0	0	0	0	0	0	0	0	0
0	24	0	-	2	14	33	A	T	-	-	3673	0	1	0	2385	0	0	0	1270	0	0	0	288	0	0	0	2	0	0	0	0	0	0	0	0	0	0	0
0	24	0	-	2	15	32	T	A	-	-	0	0	0	3672	0	0	0	2383	0	0	0	1268	0	0	0	288	0	0	0	2	0	0	0	0	0	0	0	0
0	24	0	-	2	16	31	C	G	-	-	1	3670	0	0	0	2382	0	0	0	1269	0	0	0	288	0	0	0	2	0	0	0	0	0	0	0	0	0	0
0	24	0	-	2	17	30	T	A	-	-	0	1	0	3671	0	0	0	2383	0	0	0	1270	0	0	0	288	0	0	0	2	0	0	0	0	0	0	0	0
0	24	0	-	2	18	29	G	C	-	-	1	0	3671	2	0	0	2385	0	0	0	1270	0	0	0	288	0	0	0	2	0	0	0	0	0	0	0	0	0
0	24	0	-	2	19	28	A	T	-	-	3669	0	2	0	2382	0	0	0	1269	0	0	0	288	0	0	0	2	0	0	0	0	0	0	0	0	0	0	0
0	24	0	-	2	20	27	T	A	-	-	0	0	1	3669	0	0	0	2381	0	0	0	1269	0	0	0	288	0	0	0	2	0	0	0	0	0	0	0	0
0	24	0	-	2	21	26	G	C	-	-	0	0	3667	2	0	0	2380	0	0	0	1269	0	0	0	288	0	0	0	2	0	0	0	0	0	0	0	0	0
0	24	0	-	2	22	25	A	T	-	-	3666	0	3	1	2381	0	0	0	1269	0	0	0	288	0	0	0	2	0	0	0	0	0	0	0	0	0	0	0
0	24	0	-	2	23	24	C	G	-	-	0	3673	0	0	0	2384	0	0	0	1269	0	0	0	288	0	0	0	2	0	0	0	0	0	0	0	0	0	0
0	24	0	-	2	24	23	C	G	-	-	0	3670	0	0	0	2381	0	0	0	1268	0	0	0	288	0	0	0	2	0	0	0	0	0	0	0	0	0	0
0	24	0	-	2	25	22	T	A	-	-	0	0	0	3672	0	0	0	2383	0	0	0	1269	0	0	0	288	0	0	0	2	0	0	0	0	0	0	0	0
0	24	0	-	2	26	21	C	G	-	-	1	3672	0	0	0	2384	0	0	0	1269	0	0	0	288	0	0	0	2	0	0	0	0	0	0	0	0	0	0
0	24	0	-	2	27	20	T	A	-	-	0	0	0	3673	0	0	0	2384	0	0	0	1269	0	0	0	288	0	0	0	2	0	0	0	0	0	0	0	0
0	24	0	-	2	28	19	G	C	-	-	0	0	3670	1	0	0	2381	1	0	0	1269	0	0	0	288	0	0	0	2	0	0	0	0	0	0	0	0	0
0	24	0	-	2	29	18	C	G	-	-	0	3671	0	0	0	2382	0	0	0	1268	0	0	0	288	0	0	0	2	0	0	0	0	0	0	0	0	0	0
0	24	0	-	2	30	17	A	T	-	-	3670	0	0	0	2381	0	0	0	1267	0	0	0	288	0	0	0	2	0	0	0	0	0	0	0	0	0	0	0
0	24	0	-	2	31	16	G	C	-	-	0	0	3671	0	0	0	2382	0	0	0	1267	0	0	0	288	0	0	0	2	0	0	0	0	0	0	0	0	0
0	24	0	-	2	32	15	C	G	-	-	0	3673	0	0	0	2384	0	0	0	1269	0	0	0	288	0	0	0	2	0	0	0	0	0	0	0	0	0	0
0	24	0	-	2	33	14	A	T	-	-	3670	0	0	1	2382	0	0	0	1268	0	0	0	288	0	0	0	2	0	0	0	0	0	0	0	0	0	0	0
0	24	0	-	2	34	13	T	A	-	-	0	0	0	3673	0	0	0	2384	0	0	0	1270	0	0	0	288	0	0	0	2	0	0	0	0	0	0	0	0
0	24	0	-	2	35	12	C	G	-	-	0	3673	0	0	0	2384	0	0	0	1270	0	0	0	288	0	0	0	2	0	0	0	0	0	0	0	0	0	0
0	24	0	-	2	36	11	T	A	-	-	0	1	0	3670	0	0	0	2382	0	0	0	1268	0	0	0	288	0	0	0	2	0	0	0	0	0	0	0	0
0	24	0	-	2	37	10	C	G	-	-	0	3669	0	0	0	2380	0	0	0	1267	0	0	0	288	0	0	0	2	0	0	0	0	0	0	0	0	0	0
0	24	0	-	2	38	9	C	G	-	-	0	3671	0	0	0	2382	0	0	0	1269	0	0	0	288	0	0	0	2	0	0	0	0	0	0	0	0	0	0
0	24	0	-	2	39	8	T	A	-	-	0	0	0	3668	0	0	0	2379	0	0	0	1268	0	0	0	288	0	0	0	2	0	0	0	0	0	0	0	0
0	24	0	-	2	40	7	G	C	-	-	0	0	3673	0	0	0	2384	0	0	0	1270	0	0	0	288	0	0	0	2	0	0	0	0	0	0	0	0	0
0	24	0	-	2	41	6	T	A	-	-	2	0	0	3664	0	0	0	2377	0	0	0	1265	0	0	0	288	0	0	0	2	0	0	0	0	0	0	0	0
0	24	0	-	2	42	5	A	T	-	-	3670	1	0	0	2382	0	0	0	1268	0	0	0	288	0	0	0	2	0	0	0	0	0	0	0	0	0	0	0
0	24	0	-	2	43	4	G	C	-	-	0	0	3674	0	0	0	2385	0	0	0	1270	0	0	0	288	0	0	0	2	0	0	0	0	0	0	0	0	0
0	24	0	-	2	44	3	T	A	-	-	0	0	0	3668	0	0	0	2379	0	0	0	1265	0	0	0	288	0	0	0	2	0	0	0	0	0	0	0	0
0	24	0	-	2	45	2	T	A	-	-	0	0	0	3673	0	0	0	2384	0	0	0	1269	0	0	0	288	0	0	0	2	0	0	0	0	0	0	0	0
2	24	0	-	2	46	1	T	A	C	G	0	8	0	3663	0	5	0	2377	0	2	0	1265	0	2	0	286	0	0	0	2	0	0	0	0	0	0	0	0
0	24	0	-	2	47	0	G	C	-	-	1	0	3672	0	0	0	2384	0	0	0	1269	0	0	0	288	0	0	0	2	0	0	0	0	0	0	0	0	0
