target_base	locus_index	reference_index	target_strand	read_index	read_pos	template_pos	expected_read_base	expected_template_base	variant_read_base	variant_template_base	A1	C1	G1	T1	A2	C2	G2	T2	A3	C3	G3	T3	A5	C5	G5	T5	A10	C10	G10	T10	A15	C15	G15	T15	A20	C20	G20	T20
0	11	0	+	1	0	0	G	G	-	-	0	0	4170	1	0	0	3003	0	0	0	1849	0	0	0	538	0	0	0	9	0	0	0	0	0	0	0	0	0
0	11	0	+	1	1	1	A	A	-	-	4172	0	0	0	3004	0	0	0	1848	0	0	0	538	0	0	0	9	0	0	0	0	0	0	0	0	0	0	0
0	11	0	+	1	2	2	A	A	-	-	4171	1	0	0	3004	0	0	0	1848	0	0	0	538	0	0	0	9	0	0	0	0	0	0	0	0	0	0	0
0	11	0	+	1	3	3	G	G	-	-	0	0	4170	0	0	0	3002	0	0	0	1848	0	0	0	538	0	0	0	9	0	0	0	0	0	0	0	0	0
0	11	0	+	1	4	4	G	G	-	-	1	0	4170	0	0	0	3003	0	0	0	1847	0	0	0	538	0	0	0	9	0	0	0	0	0	0	0	0	0
0	11	0	+	1	5	5	A	A	-	-	4170	0	0	0	3002	0	0	0	1846	0	0	0	538	0	0	0	9	0	0	0	0	0	0	0	0	0	0	0
0	11	0	+	1	6	6	C	C	-	-	0	4172	0	0	0	3004	0	0	0	1848	0	0	0	538	0	0	0	9	0	0	0	0	0	0	0	0	0	0
0	11	0	+	1	7	7	C	C	-	-	1	4170	0	0	0	3003	0	0	0	1847	0	0	0	538	0	0	0	9	0	0	0	0	0	0	0	0	0	0
0	11	0	+	1	8	8	A	A	-	-	4170	0	0	0	3002	0	0	0	1847	0	0	0	538	0	0	0	9	0	0	0	0	0	0	0	0	0	0	0
0	11	0	+	1	9	9	T	T	-	-	0	1	0	4172	0	0	0	3005	0	0	0	1849	0	0	0	538	0	0	0	9	0	0	0	0	0	0	0	0
0	11	0	+	1	10	10	C	C	-	-	1	4170	0	0	0	3003	0	0	0	1847	0	0	0	538	0	0	0	9	0	0	0	0	0	0	0	0	0	0
0	11	0	+	1	11	11	A	A	-	-	4171	0	0	0	3003	0	0	0	1847	0	0	0	538	0	0	0	9	0	0	0	0	0	0	0	0	0	0	0
0	11	0	+	1	12	12	C	C	-	-	0	4173	0	0	0	3005	0	0	0	1849	0	0	0	538	0	0	0	9	0	0	0	0	0	0	0	0	0	0
0	11	0	+	1	13	13	A	A	-	-	4171	0	0	0	3003	0	0	0	1848	0	0	0	538	0	0	0	9	0	0	0	0	0	0	0	0	0	0	0
0	11	0	+	1	14	14	T	T	-	-	0	0	1	4170	0	0	0	3003	0	0	0	1849	0	0	0	538	0	0	0	9	0	0	0	0	0	0	0	0
0	11	0	+	1	15	15	A	A	-	-	4173	0	0	0	3005	0	0	0	1849	0	0	0	538	0	0	0	9	0	0	0	0	0	0	0	0	0	0	0
0	11	0	+	1	16	16	T	T	-	-	1	0	0	4169	0	0	0	3002	0	0	0	1846	0	0	0	538	0	0	0	9	0	0	0	0	0	0	0	0
0	11	0	+	1	17	17	A	A	-	-	4167	0	2	0	3001	0	0	0	1847	0	0	0	538	0	0	0	9	0	0	0	0	0	0	0	0	0	0	0
0	11	0	+	1	18	18	C	C	-	-	0	4171	0	0	0	3003	0	0	0	1847	0	0	0	538	0	0	0	9	0	0	0	0	0	0	0	0	0	0
0	11	0	+	1	19	19	T	T	-	-	0	0	1	4170	0	0	0	3003	0	0	0	1847	0	0	0	538	0	0	0	9	0	0	0	0	0	0	0	0
2	11	0	+	1	20	20	C	C	G	G	0	4161	10	0	0	2997	6	0	0	1844	4	0	0	538	0	0	0	9	0	0	0	0	0	0	0	0	0	0
0	11	0	+	1	21	21	T	T	-	-	0	0	0	4171	0	0	0	3003	0	0	0	1849	0	0	0	538	0	0	0	9	0	0	0	0	0	0	0	0
0	11	0	+	1	22	22	G	G	-	-	0	0	4170	1	0	0	3003	0	0	0	1849	0	0	0	538	0	0	0	9	0	0	0	0	0	0	0	0	0
0	11	0	+	1	23	23	C	C	-	-	0	4172	0	0	0	3004	0	0	0	1849	0	0	0	538	0	0	0	9	0	0	0	0	0	0	0	0	0	0
0	11	0	+	1	24	24	A	A	-	-	4173	0	0	0	3005	0	0	0	1849	0	0	0	538	0	0	0	9	0	0	0	0	0	0	0	0	0	0	0
0	11	0	+	1	25	25	C	C	-	-	0	4170	0	1	0	3003	0	0	0	1847	0	0	0	538	0	0	0	9	0	0	0	0	0	0	0	0	0	0
0	11	0	+	1	26	26	C	C	-	-	0	4172	0	0	0	3004	0	0	0	1848	0	0	0	538	0	0	0	9	0	0	0	0	0	0	0	0	0	0
0	11	0	+	1	27	27	A	A	-	-	4171	0	1	0	3004	0	0	0	1849	0	0	0	538	0	0	0	9	0	0	0	0	0	0	0	0	0	0	0
0	11	0	+	1	28	28	G	G	-	-	0	1	4168	1	0	0	3002	0	0	0	1847	0	0	0	538	0	0	0	9	0	0	0	0	0	0	0	0	0
0	11	0	+	1	29	29	A	A	-	-	4170	1	0	0	3003	0	0	0	1847	0	0	0	538	0	0	0	9	0	0	0	0	0	0	0	0	0	0	0
0	11	0	+	1	30	30	C	C	-	-	1	4170	0	0	0	3003	0	0	0	1847	0	0	0	538	0	0	0	9	0	0	0	0	0	0	0	0	0	0
0	11	0	+	1	31	31	T	T	-	-	0	1	0	4172	0	0	0	3005	0	0	0	1849	0	0	0	538	0	0	0	9	0	0	0	0	0	0	0	0
0	11	0	+	1	32	32	T	T	-	-	0	1	0	4171	0	0	0	3004	0	0	0	1849	0	0	0	538	0	0	0	9	0	0	0	0	0	0	0	0
0	11	0	+	1	33	33	C	C	-	-	0	4170	0	1	0	3003	0	0	0	1847	0	0	0	538	0	0	0	9	0	0	0	0	0	0	0	0	0	0
0	11	0	+	1	34	34	T	T	-	-	0	1	0	4171	0	0	0	3004	0	0	0	1848	0	0	0	538	0	0	0	9	0	0	0	0	0	0	0	0
0	11	0	+	1	35	35	G	G	-	-	0	1	4166	0	0	0	2999	0	0	0	1844	0	0	0	537	0	0	0	9	0	0	0	0	0	0	0	0	0
0	11	0	+	1	36	36	A	A	-	-	4171	0	0	0	3003	0	0	0	1848	0	0	0	538	0	0	0	9	0	0	0	0	0	0	0	0	0	0	0
0	11	0	+	1	37	37	T	T	-	-	0	0	0	4171	0	0	0	3003	0	0	0	1849	0	0	0	538	0	0	0	9	0	0	0	0	0	0	0	0
0	11	0	+	1	38	38	T	T	-	-	0	0	0	4173	0	0	0	3005	0	0	0	1849	0	0	0	538	0	0	0	9	0	0	0	0	0	0	0	0
0	11	0	+	1	39	39	C	C	-	-	0	4170	0	0	0	3002	0	0	0	1849	0	0	0	538	0	0	0	9	0	0	0	0	0	0	0	0	0	0
0	11	0	+	1	40	40	T	T	-	-	0	0	0	4168	0	0	0	3000	0	0	0	1847	0	0	0	538	0	0	0	9	0	0	0	0	0	0	0	0
0	11	0	+	1	41	41	G	G	-	-	0	0	4166	1	0	0	2999	0	0	0	1847	0	0	0	538	0	0	0	9	0	0	0	0	0	0	0	0	0
0	11	0	+	2	0	41	C	G	-	-	0	4165	1	0	0	2998	0	0	0	1847	0	0	0	538	0	0	0	9	0	0	0	0	0	0	0	0	0	0
0	11	0	+	2	1	40	A	T	-	-	4168	0	0	0	3000	0	0	0	1847	0	0	0	538	0	0	0	9	0	0	0	0	0	0	0	0	0	0	0
0	11	0	+	2	2	39	G	C	-	-	0	0	4170	0	0	0	3002	0	0	0	1849	0	0	0	538	0	0	0	9	0	0	0	0	0	0	0	0	0
0	11	0	+	2	3	38	A	T	-	-	4173	0	0	0	3005	0	0	0	1849	0	0	0	538	0	0	0	9	0	0	0	0	0	0	0	0	0	0	0
0	11	0	+	2	4	37	A	T	-	-	4172	0	0	0	3004	0	0	0	1849	0	0	0	538	0	0	0	9	0	0	0	0	0	0	0	0	0	0	0
0	11	0	+	2	5	36	T	A	-	-	0	0	0	4171	0	0	0	3003	0	0	0	1848	0	0	0	538	0	0	0	9	0	0	0	0	0	0	0	0
0	11	0	+	2	6	35	C	G	-	-	0	4167	1	0	0	3000	0	0	0	1845	0	0	0	537	0	0	0	9	0	0	0	0	0	0	0	0	0	0
0	11	0	+	2	7	34	A	T	-	-	4169	0	1	1	3003	0	0	0	1847	0	0	0	538	0	0	0	9	0	0	0	0	0	0	0	0	0	0	0
0	11	0	+	2	8	33	G	C	-	-	1	0	4168	2	0	0	3003	0	0	0	1848	0	0	0	538	0	0	0	9	0	0	0	0	0	0	0	0	0
0	11	0	+	2	9	32	A	T	-	-	4168	1	1	0	3002	0	0	0	1849	0	0	0	538	0	0	0	9	0	0	0	0	0	0	0	0	0	0	0
0	11	0	+	2	10	31	A	T	-	-	4169	0	1	0	3002	0	0	0	1847	0	0	0	538	0	0	0	9	0	0	0	0	0	0	0	0	0	0	0
0	11	0	+	2	11	30	G	C	-	-	0	0	4171	0	0	0	3003	0	0	0	1847	0	0	0	538	0	0	0	9	0	0	0	0	0	0	0	0	0
0	11	0	+	2	12	29	T	A	-	-	0	0	1	4159	0	0	0	2992	0	0	0	1842	0	0	0	538	0	0	0	9	0	0	0	0	0	0	0	0
0	11	0	+	2	13	28	C	G	-	-	0	4171	0	0	0	3003	0	0	0	1848	0	0	0	538	0	0	0	9	0	0	0	0	0	0	0	0	0	0
0	11	0	+	2	14	27	T	A	-	-	0	1	0	4171	0	0	0	3004	0	0	0	1848	0	0	0	538	0	0	0	9	0	0	0	0	0	0	0	0
0	11	0	+	2	15	26	G	C	-	-	0	0	4171	0	0	0	3003	0	0	0	1848	0	0	0	538	0	0	0	9	0	0	0	0	0	0	0	0	0
0	11	0	+	2	16	25	G	C	-	-	0	0	4169	0	0	0	3001	0	0	0	1847	0	0	0	538	0	0	0	9	0	0	0	0	0	0	0	0	0
0	11	0	+	2	17	24	T	A	-	-	3	2	1	4148	0	0	0	2986	0	0	0	1837	0	0	0	538	0	0	0	9	0	0	0	0	0	0	0	0
0	11	0	+	2	18	23	G	C	-	-	0	0	4172	0	0	0	3004	0	0	0	1849	0	0	0	538	0	0	0	9	0	0	0	0	0	0	0	0	0
0	11	0	+	2	19	22	C	G	-	-	1	4169	0	1	0	3003	0	0	0	1848	0	0	0	538	0	0	0	9	0	0	0	0	0	0	0	0	0	0
0	11	0	+	2	20	21	A	T	-	-	4166	1	0	0	2999	0	0	0	1847	0	0	0	538	0	0	0	9	0	0	0	0	0	0	0	0	0	0	0
2	11	0	+	2	21	20	G	C	C	G	0	10	4161	0	0	6	2997	0	0	4	1845	0	0	0	538	0	0	0	9	0	0	0	0	0	0	0	0	0
0	11	0	+	2	22	19	A	T	-	-	4165	1	0	0	2998	0	0	0	1843	0	0	0	538	0	0	0	9	0	0	0	0	0	0	0	0	0	0	0
0	11	0	+	2	23	18	G	C	-	-	0	0	4171	0	0	0	3003	0	0	0	1847	0	0	0	538	0	0	0	9	0	0	0	0	0	0	0	0	0
0	11	0	+	2	24	17	T	A	-	-	1	8	3	4135	0	0	0	2979	0	0	0	1830	0	0	0	538	0	0	0	9	0	0	0	0	0	0	0	0
0	11	0	+	2	25	16	A	T	-	-	4172	0	0	0	3004	0	0	0	1848	0	0	0	538	0	0	0	9	0	0	0	0	0	0	0	0	0	0	0
0	11	0	+	2	26	15	T	A	-	-	0	0	0	4172	0	0	0	3004	0	0	0	1849	0	0	0	538	0	0	0	9	0	0	0	0	0	0	0	0
0	11	0	+	2	27	14	A	T	-	-	4173	0	0	0	3005	0	0	0	1849	0	0	0	538	0	0	0	9	0	0	0	0	0	0	0	0	0	0	0
0	11	0	+	2	28	13	T	A	-	-	0	0	1	4170	0	0	0	3003	0	0	0	1848	0	0	0	538	0	0	0	9	0	0	0	0	0	0	0	0
0	11	0	+	2	29	12	G	C	-	-	0	0	4173	0	0	0	3005	0	0	0	1849	0	0	0	538	0	0	0	9	0	0	0	0	0	0	0	0	0
0	11	0	+	2	30	11	T	A	-	-	2	0	0	4160	0	0	0	2994	0	0	0	1842	0	0	0	538	0	0	0	9	0	0	0	0	0	0	0	0
0	11	0	+	2	31	10	G	C	-	-	0	0	4172	0	0	0	3004	0	0	0	1848	0	0	0	538	0	0	0	9	0	0	0	0	0	0	0	0	0
0	11	0	+	2	32	9	A	T	-	-	4164	0	2	1	2999	0	0	0	1847	0	0	0	538	0	0	0	9	0	0	0	0	0	0	0	0	0	0	0
0	11	0	+	2	33	8	T	A	-	-	0	0	0	4170	0	0	0	3002	0	0	0	1847	0	0	0	538	0	0	0	9	0	0	0	0	0	0	0	0
0	11	0	+	2	34	7	G	C	-	-	0	0	4169	1	0	0	3002	0	0	0	1846	0	0	0	538	0	0	0	9	0	0	0	0	0	0	0	0	0
0	11	0	+	2	35	6	G	C	-	-	0	0	4171	0	0	0	3003	0	0	0	1848	0	0	0	538	0	0	0	9	0	0	0	0	0	0	0	0	0
0	11	0	+	2	36	5	T	A	-	-	1	0	2	4154	0	0	0	2989	0	0	0	1841	0	0	0	538	0	0	0	9	0	0	0	0	0	0	0	0
0	11	0	+	2	37	4	C	G	-	-	0	4171	0	1	0	3004	0	0	0	1848	0	0	0	538	0	0	0	9	0	0	0	0	0	0	0	0	0	0
0	11	0	+	2	38	3	C	G	-	-	1	4168	0	0	0	3001	0	0	0	1846	0	0	0	538	0	0	0	9	0	0	0	0	0	0	0	0	0	0
0	11	0	+	2	39	2	T	A	-	-	0	0	0	4168	0	0	0	3000	0	0	0	1844	0	0	0	538	0	0	0	9	0	0	0	0	0	0	0	0
0	11	0	+	2	40	1	T	A	-	-	0	0	0	4172	0	0	0	3004	0	0	0	1848	0	0	0	538	0	0	0	9	0	0	0	0	0	0	0	0
0	11	0	+	2	41	0	C	G	-	-	1	4169	0	0	0	3002	0	0	0	1849	0	0	0	538	0	0	0	9	0	0	0	0	0	0	0	0	0	0
