target_base	locus_index	reference_index	target_strand	read_index	read_pos	template_pos	expected_read_base	expected_template_base	variant_read_base	variant_template_base	A1	C1	G1	T1	A2	C2	G2	T2	A3	C3	G3	T3	A5	C5	G5	T5	A10	C10	G10	T10	A15	C15	G15	T15	A20	C20	G20	T20
0	17	0	-	1	0	0	G	G	-	-	0	0	3966	0	0	0	3132	0	0	0	2152	0	0	0	755	0	0	0	45	0	0	0	0	0	0	0	0	0
0	17	0	-	1	1	1	T	T	-	-	2	0	0	3961	0	0	0	3129	0	0	0	2151	0	0	0	756	0	0	0	45	0	0	0	0	0	0	0	0
0	17	0	-	1	2	2	A	A	-	-	3969	0	0	0	3135	0	0	0	2155	0	0	0	756	0	0	0	45	0	0	0	0	0	0	0	0	0	0	0
0	17	0	-	1	3	3	C	C	-	-	0	3967	0	0	0	3133	0	0	0	2153	0	0	0	756	0	0	0	45	0	0	0	0	0	0	0	0	0	0
0	17	0	-	1	4	4	A	A	-	-	3968	0	0	1	3135	0	0	0	2155	0	0	0	756	0	0	0	45	0	0	0	0	0	0	0	0	0	0	0
0	17	0	-	1	5	5	C	C	-	-	0	3968	0	0	0	3134	0	0	0	2154	0	0	0	756	0	0	0	45	0	0	0	0	0	0	0	0	0	0
0	17	0	-	1	6	6	T	T	-	-	0	0	0	3969	0	0	0	3135	0	0	0	2155	0	0	0	756	0	0	0	45	0	0	0	0	0	0	0	0
0	17	0	-	1	7	7	A	A	-	-	3967	0	0	0	3133	0	0	0	2155	0	0	0	756	0	0	0	45	0	0	0	0	0	0	0	0	0	0	0
0	17	0	-	1	8	8	A	A	-	-	3967	0	0	0	3133	0	0	0	2154	0	0	0	756	0	0	0	45	0	0	0	0	0	0	0	0	0	0	0
0	17	0	-	1	9	9	T	T	-	-	0	0	0	3968	0	0	0	3134	0	0	0	2154	0	0	0	756	0	0	0	45	0	0	0	0	0	0	0	0
0	17	0	-	1	10	10	A	A	-	-	3968	0	0	0	3134	0	0	0	2155	0	0	0	756	0	0	0	45	0	0	0	0	0	0	0	0	0	0	0
0	17	0	-	1	11	11	G	G	-	-	0	1	3964	0	0	0	3131	0	0	0	2151	0	0	0	756	0	0	0	45	0	0	0	0	0	0	0	0	0
0	17	0	-	1	12	12	A	A	-	-	3966	0	0	0	3132	0	0	0	2152	0	0	0	756	0	0	0	45	0	0	0	0	0	0	0	0	0	0	0
0	17	0	-	1	13	13	G	G	-	-	0	0	3966	0	0	0	3132	0	0	0	2153	0	0	0	756	0	0	0	45	0	0	0	0	0	0	0	0	0
0	17	0	-	1	14	14	T	T	-	-	2	0	0	3958	0	0	0	3126	0	0	0	2150	0	0	0	756	0	0	0	45	0	0	0	0	0	0	0	0
2	17	0	-	1	15	15	C	C	A	A	7	3959	0	0	5	3127	0	0	1	2151	0	0	1	755	0	0	0	45	0	0	0	0	0	0	0	0	0	0
0	17	0	-	1	16	16	A	A	-	-	3968	0	0	0	3134	0	0	0	2154	0	0	0	756	0	0	0	45	0	0	0	0	0	0	0	0	0	0	0
0	17	0	-	1	17	17	C	C	-	-	0	3964	0	0	0	3130	0	0	0	2150	0	0	0	756	0	0	0	45	0	0	0	0	0	0	0	0	0	0
0	17	0	-	1	18	18	T	T	-	-	0	0	1	3964	0	0	0	3131	0	0	0	2153	0	0	0	756	0	0	0	45	0	0	0	0	0	0	0	0
0	17	0	-	1	19	19	C	C	-	-	0	3963	0	0	0	3129	0	0	0	2149	0	0	0	756	0	0	0	45	0	0	0	0	0	0	0	0	0	0
0	17	0	-	1	20	20	C	C	-	-	0	3967	0	0	0	3133	0	0	0	2153	0	0	0	756	0	0	0	45	0	0	0	0	0	0	0	0	0	0
0	17	0	-	1	21	21	T	T	-	-	0	0	0	3967	0	0	0	3133	0	0	0	2153	0	0	0	756	0	0	0	45	0	0	0	0	0	0	0	0
0	17	0	-	1	22	22	T	T	-	-	0	0	0	3964	0	0	0	3130	0	0	0	2151	0	0	0	756	0	0	0	45	0	0	0	0	0	0	0	0
0	17	0	-	1	23	23	T	T	-	-	0	1	0	3966	0	0	0	3133	0	0	0	2153	0	0	0	756	0	0	0	45	0	0	0	0	0	0	0	0
0	17	0	-	1	24	24	G	G	-	-	0	0	3965	0	0	0	3131	0	0	0	2152	0	0	0	756	0	0	0	45	0	0	0	0	0	0	0	0	0
0	17	0	-	1	25	25	T	T	-	-	0	1	1	3956	0	0	0	3124	0	0	0	2147	0	0	0	756	0	0	0	45	0	0	0	0	0	0	0	0
0	17	0	-	1	26	26	G	G	-	-	0	0	3969	0	0	0	3135	0	0	0	2155	0	0	0	756	0	0	0	45	0	0	0	0	0	0	0	0	0
0	17	0	-	1	27	27	T	T	-	-	0	0	0	3966	0	0	0	3132	0	0	0	2152	0	0	0	756	0	0	0	45	0	0	0	0	0	0	0	0
0	17	0	-	1	28	28	C	C	-	-	0	3961	0	0	0	3127	0	0	0	2149	0	0	0	756	0	0	0	45	0	0	0	0	0	0	0	0	0	0
0	17	0	-	1	29	29	A	A	-	-	3967	0	0	0	3133	0	0	0	2155	0	0	0	756	0	0	0	45	0	0	0	0	0	0	0	0	0	0	0
0	17	0	-	1	30	30	C	C	-	-	0	3966	0	0	0	3132	0	0	0	2152	0	0	0	756	0	0	0	45	0	0	0	0	0	0	0	0	0	0
0	17	0	-	1	31	31	T	T	-	-	0	2	0	3964	0	0	0	3132	0	0	0	2152	0	0	0	755	0	0	0	45	0	0	0	0	0	0	0	0
0	17	0	-	1	32	32	A	A	-	-	3969	0	0	0	3135	0	0	0	2155	0	0	0	756	0	0	0	45	0	0	0	0	0	0	0	0	0	0	0
0	17	0	-	1	33	33	G	G	-	-	0	0	3967	0	0	0	3133	0	0	0	2154	0	0	0	756	0	0	0	45	0	0	0	0	0	0	0	0	0
0	17	0	-	1	34	34	A	A	-	-	3966	0	0	0	3132	0	0	0	2154	0	0	0	755	0	0	0	45	0	0	0	0	0	0	0	0	0	0	0
0	17	0	-	1	35	35	A	A	-	-	3968	0	0	0	3134	0	0	0	2154	0	0	0	756	0	0	0	45	0	0	0	0	0	0	0	0	0	0	0
0	17	0	-	1	36	36	A	A	-	-	3967	0	0	0	3133	0	0	0	2154	0	0	0	756	0	0	0	45	0	0	0	0	0	0	0	0	0	0	0
0	17	0	-	1	37	37	A	A	-	-	3969	0	0	0	3135	0	0	0	2155	0	0	0	756	0	0	0	45	0	0	0	0	0	0	0	0	0	0	0
0	17	0	-	1	38	38	T	T	-	-	0	0	0	3968	0	0	0	3134	0	0	0	2154	0	0	0	756	0	0	0	45	0	0	0	0	0	0	0	0
0	17	0	-	1	39	39	T	T	-	-	0	0	0	3967	0	0	0	3133	0	0	0	2155	0	0	0	756	0	0	0	45	0	0	0	0	0	0	0	0
0	17	0	-	1	40	40	C	C	-	-	1	3964	0	0	0	3131	0	0	0	2151	0	0	0	756	0	0	0	45	0	0	0	0	0	0	0	0	0	0
0	17	0	-	1	41	41	C	C	-	-	1	3966	0	0	0	3133	0	0	0	2154	0	0	0	756	0	0	0	45	0	0	0	0	0	0	0	0	0	0
0	17	0	-	1	42	42	T	T	-	-	0	0	0	3969	0	0	0	3135	0	0	0	2155	0	0	0	756	0	0	0	45	0	0	0	0	0	0	0	0
0	17	0	-	1	43	43	G	G	-	-	1	0	3963	1	0	0	3131	0	0	0	2151	0	0	0	756	0	0	0	45	0	0	0	0	0	0	0	0	0
0	17	0	-	1	44	44	T	T	-	-	0	0	0	3969	0	0	0	3135	0	0	0	2155	0	0	0	756	0	0	0	45	0	0	0	0	0	0	0	0
0	17	0	-	1	45	45	T	T	-	-	0	1	0	3967	0	0	0	3134	0	0	0	2155	0	0	0	756	0	0	0	45	0	0	0	0	0	0	0	0
0	17	0	-	1	46	46	G	G	-	-	0	0	3966	0	0	0	3132	0	0	0	2153	0	0	0	756	0	0	0	45	0	0	0	0	0	0	0	0	0
0	17	0	-	1	47	47	A	A	-	-	3969	0	0	0	3135	0	0	0	2155	0	0	0	756	0	0	0	45	0	0	0	0	0	0	0	0	0	0	0
0	17	0	-	1	48	48	A	A	-	-	3966	0	1	0	3133	0	0	0	2154	0	0	0	756	0	0	0	45	0	0	0	0	0	0	0	0	0	0	0
0	17	0	-	1	49	49	A	A	-	-	3967	0	0	0	3133	0	0	0	2153	0	0	0	756	0	0	0	45	0	0	0	0	0	0	0	0	0	0	0
0	17	0	-	1	50	50	T	T	-	-	0	0	0	3968	0	0	0	3134	0	0	0	2155	0	0	0	756	0	0	0	45	0	0	0	0	0	0	0	0
0	17	0	-	2	0	50	A	T	-	-	3967	0	0	0	3133	0	0	0	2155	0	0	0	756	0	0	0	45	0	0	0	0	0	0	0	0	0	0	0
0	17	0	-	2	1	49	T	A	-	-	0	0	0	3967	0	0	0	3133	0	0	0	2153	0	0	0	756	0	0	0	45	0	0	0	0	0	0	0	0
0	17	0	-	2	2	48	T	A	-	-	0	1	0	3967	0	0	0	3134	0	0	0	2154	0	0	0	756	0	0	0	45	0	0	0	0	0	0	0	0
0	17	0	-	2	3	47	T	A	-	-	0	0	0	3965	0	0	0	3131	0	0	0	2151	0	0	0	756	0	0	0	45	0	0	0	0	0	0	0	0
0	17	0	-	2	4	46	C	G	-	-	0	3966	0	0	0	3132	0	0	0	2153	0	0	0	756	0	0	0	45	0	0	0	0	0	0	0	0	0	0
0	17	0	-	2	5	45	A	T	-	-	3967	0	1	0	3134	0	0	0	2155	0	0	0	756	0	0	0	45	0	0	0	0	0	0	0	0	0	0	0
0	17	0	-	2	6	44	A	T	-	-	3969	0	0	0	3135	0	0	0	2155	0	0	0	756	0	0	0	45	0	0	0	0	0	0	0	0	0	0	0
0	17	0	-	2	7	43	C	G	-	-	0	3966	0	1	0	3133	0	0	0	2153	0	0	0	756	0	0	0	45	0	0	0	0	0	0	0	0	0	0
0	17	0	-	2	8	42	A	T	-	-	3969	0	0	0	3135	0	0	0	2155	0	0	0	756	0	0	0	45	0	0	0	0	0	0	0	0	0	0	0
0	17	0	-	2	9	41	G	C	-	-	0	0	3969	0	0	0	3135	0	0	0	2155	0	0	0	756	0	0	0	45	0	0	0	0	0	0	0	0	0
0	17	0	-	2	10	40	G	C	-	-	0	0	3968	0	0	0	3134	0	0	0	2154	0	0	0	756	0	0	0	45	0	0	0	0	0	0	0	0	0
0	17	0	-	2	11	39	A	T	-	-	3964	0	0	0	3130	0	0	0	2153	0	0	0	756	0	0	0	45	0	0	0	0	0	0	0	0	0	0	0
0	17	0	-	2	12	38	A	T	-	-	3966	1	0	0	3133	0	0	0	2153	0	0	0	756	0	0	0	45	0	0	0	0	0	0	0	0	0	0	0
0	17	0	-	2	13	37	T	A	-	-	0	0	0	3969	0	0	0	3135	0	0	0	2155	0	0	0	756	0	0	0	45	0	0	0	0	0	0	0	0
0	17	0	-	2	14	36	T	A	-	-	0	0	0	3966	0	0	0	3132	0	0	0	2153	0	0	0	756	0	0	0	45	0	0	0	0	0	0	0	0
0	17	0	-	2	15	35	T	A	-	-	0	0	0	3969	0	0	0	3135	0	0	0	2155	0	0	0	756	0	0	0	45	0	0	0	0	0	0	0	0
0	17	0	-	2	16	34	T	A	-	-	0	0	0	3967	0	0	0	3133	0	0	0	2154	0	0	0	755	0	0	0	45	0	0	0	0	0	0	0	0
0	17	0	-	2	17	33	C	G	-	-	0	3967	0	0	0	3133	0	0	0	2154	0	0	0	756	0	0	0	45	0	0	0	0	0	0	0	0	0	0
0	17	0	-	2	18	32	T	A	-	-	0	0	0	3968	0	0	0	3134	0	0	0	2154	0	0	0	756	0	0	0	45	0	0	0	0	0	0	0	0
0	17	0	-	2	19	31	A	T	-	-	3964	0	2	0	3132	0	0	0	2152	0	0	0	755	0	0	0	45	0	0	0	0	0	0	0	0	0	0	0
0	17	0	-	2	20	30	G	C	-	-	0	0	3965	1	0	0	3132	0	0	0	2152	0	0	0	756	0	0	0	45	0	0	0	0	0	0	0	0	0
0	17	0	-	2	21	29	T	A	-	-	1	0	0	3962	0	0	0	3129	0	0	0	2151	0	0	0	756	0	0	0	45	0	0	0	0	0	0	0	0
0	17	0	-	2	22	28	G	C	-	-	0	0	3963	0	0	0	3129	0	0	0	2151	0	0	0	756	0	0	0	45	0	0	0	0	0	0	0	0	0
0	17	0	-	2	23	27	A	T	-	-	3967	0	0	0	3133	0	0	0	2153	0	0	0	756	0	0	0	45	0	0	0	0	0	0	0	0	0	0	0
0	17	0	-	2	24	26	C	G	-	-	0	3968	0	1	0	3135	0	0	0	2155	0	0	0	756	0	0	0	45	0	0	0	0	0	0	0	0	0	0
0	17	0	-	2	25	25	A	T	-	-	3967	0	0	0	3133	0	0	0	2154	0	0	0	756	0	0	0	45	0	0	0	0	0	0	0	0	0	0	0
0	17	0	-	2	26	24	C	G	-	-	0	3967	0	0	0	3133	0	0	0	2155	0	0	0	756	0	0	0	45	0	0	0	0	0	0	0	0	0	0
0	17	0	-	2	27	23	A	T	-	-	3964	0	1	0	3131	0	0	0	2151	0	0	0	756	0	0	0	45	0	0	0	0	0	0	0	0	0	0	0
0	17	0	-	2	28	22	A	T	-	-	3964	2	0	0	3132	0	0	0	2153	0	0	0	756	0	0	0	45	0	0	0	0	0	0	0	0	0	0	0
0	17	0	-	2	29	21	A	T	-	-	3965	0	0	0	3131	0	0	0	2151	0	0	0	756	0	0	0	45	0	0	0	0	0	0	0	0	0	0	0
0	17	0	-	2	30	20	G	C	-	-	0	0	3968	0	0	0	3134	0	0	0	2154	0	0	0	756	0	0	0	45	0	0	0	0	0	0	0	0	0
0	17	0	-	2	31	19	G	C	-	-	0	0	3966	0	0	0	3132	0	0	0	2152	0	0	0	756	0	0	0	45	0	0	0	0	0	0	0	0	0
0	17	0	-	2	32	18	A	T	-	-	3965	0	0	0	3131	0	0	0	2153	0	0	0	756	0	0	0	45	0	0	0	0	0	0	0	0	0	0	0
0	17	0	-	2	33	17	G	C	-	-	0	0	3968	0	0	0	3134	0	0	0	2154	0	0	0	756	0	0	0	45	0	0	0	0	0	0	0	0	0
0	17	0	-	2	34	16	T	A	-	-	2	1	1	3936	0	0	0	3106	0	0	0	2140	0	0	0	756	0	0	0	45	0	0	0	0	0	0	0	0
2	17	0	-	2	35	15	G	C	T	A	1	0	3958	7	0	0	3127	5	0	0	2151	1	0	0	755	1	0	0	45	0	0	0	0	0	0	0	0	0
0	17	0	-	2	36	14	A	T	-	-	3962	0	0	1	3129	0	0	0	2150	0	0	0	756	0	0	0	45	0	0	0	0	0	0	0	0	0	0	0
0	17	0	-	2	37	13	C	G	-	-	0	3967	0	0	0	3133	0	0	0	2154	0	0	0	756	0	0	0	45	0	0	0	0	0	0	0	0	0	0
0	17	0	-	2	38	12	T	A	-	-	0	0	0	3967	0	0	0	3133	0	0	0	2153	0	0	0	756	0	0	0	45	0	0	0	0	0	0	0	0
0	17	0	-	2	39	11	C	G	-	-	0	3965	0	0	0	3131	0	0	0	2152	0	0	0	756	0	0	0	45	0	0	0	0	0	0	0	0	0	0
0	17	0	-	2	40	10	T	A	-	-	0	0	0	3968	0	0	0	3134	0	0	0	2154	0	0	0	756	0	0	0	45	0	0	0	0	0	0	0	0
0	17	0	-	2	41	9	A	T	-	-	3964	0	0	0	3130	0	0	0	2152	0	0	0	756	0	0	0	45	0	0	0	0	0	0	0	0	0	0	0
0	17	0	-	2	42	8	T	A	-	-	0	0	0	3967	0	0	0	3133	0	0	0	2153	0	0	0	756	0	0	0	45	0	0	0	0	0	0	0	0
0	17	0	-	2	43	7	T	A	-	-	0	0	0	3967	0	0	0	3133	0	0	0	2155	0	0	0	756	0	0	0	45	0	0	0	0	0	0	0	0
0	17	0	-	2	44	6	A	T	-	-	3966	0	0	0	3132	0	0	0	2152	0	0	0	756	0	0	0	45	0	0	0	0	0	0	0	0	0	0	0
0	17	0	-	2	45	5	G	C	-	-	0	0	3966	0	0	0	3132	0	0	0	2153	0	0	0	756	0	0	0	45	0	0	0	0	0	0	0	0	0
0	17	0	-	2	46	4	T	A	-	-	4	0	1	3951	0	0	0	3122	0	0	0	2147	0	0	0	756	0	0	0	45	0	0	0	0	0	0	0	0
0	17	0	-	2	47	3	G	C	-	-	0	1	3966	0	0	0	3133	0	0	0	2154	0	0	0	756	0	0	0	45	0	0	0	0	0	0	0	0	0
0	17	0	-	2	48	2	T	A	-	-	1	1	2	3952	0	0	0	3122	0	0	0	2146	0	0	0	756	0	0	0	45	0	0	0	0	0	0	0	0
0	17	0	-	2	49	1	A	T	-	-	3966	0	0	0	3132	0	0	0	2152	0	0	0	756	0	0	0	45	0	0	0	0	0	0	0	0	0	0	0
0	17	0	-	2	50	0	C	G	-	-	0	3968	0	0	0	3134	0	0	0	2154	0	0	0	756	0	0	0	45	0	0	0	0	0	0	0	0	0	0
