target_base	locus_index	reference_index	target_strand	read_index	read_pos	template_pos	expected_read_base	expected_template_base	variant_read_base	variant_template_base	A1	C1	G1	T1	A2	C2	G2	T2	A3	C3	G3	T3	A5	C5	G5	T5	A10	C10	G10	T10	A15	C15	G15	T15	A20	C20	G20	T20
0	1	0	+	1	0	0	C	C	-	-	0	4042	0	0	0	3139	0	0	0	2177	0	0	0	760	0	0	0	33	0	0	0	1	0	0	0	0	0	0
0	1	0	+	1	1	1	A	A	-	-	4045	0	0	0	3142	0	0	0	2179	0	0	0	760	0	0	0	33	0	0	0	1	0	0	0	0	0	0	0
0	1	0	+	1	2	2	G	G	-	-	0	0	4040	0	0	0	3137	0	0	0	2178	0	0	0	760	0	0	0	33	0	0	0	1	0	0	0	0	0
0	1	0	+	1	3	3	C	C	-	-	0	4046	0	0	0	3143	0	0	0	2179	0	0	0	760	0	0	0	33	0	0	0	1	0	0	0	0	0	0
0	1	0	+	1	4	4	A	A	-	-	4045	0	0	0	3142	0	0	0	2179	0	0	0	760	0	0	0	33	0	0	0	1	0	0	0	0	0	0	0
0	1	0	+	1	5	5	A	A	-	-	4043	1	1	0	3142	0	0	0	2178	0	0	0	760	0	0	0	33	0	0	0	1	0	0	0	0	0	0	0
0	1	0	+	1	6	6	T	T	-	-	0	0	0	4044	0	0	0	3141	0	0	0	2177	0	0	0	760	0	0	0	33	0	0	0	1	0	0	0	0
0	1	0	+	1	7	7	G	G	-	-	0	0	4041	1	0	0	3139	0	0	0	2176	0	0	0	760	0	0	0	33	0	0	0	1	0	0	0	0	0
0	1	0	+	1	8	8	C	C	-	-	0	4044	0	0	0	3141	0	0	0	2177	0	0	0	760	0	0	0	33	0	0	0	1	0	0	0	0	0	0
0	1	0	+	1	9	9	A	A	-	-	4039	0	0	0	3136	0	0	0	2175	0	0	0	759	0	0	0	33	0	0	0	1	0	0	0	0	0	0	0
0	1	0	+	1	10	10	A	A	-	-	4043	0	0	0	3140	0	0	0	2177	0	0	0	760	0	0	0	33	0	0	0	1	0	0	0	0	0	0	0
0	1	0	+	1	11	11	T	T	-	-	0	0	0	4044	0	0	0	3141	0	0	0	2178	0	0	0	760	0	0	0	33	0	0	0	1	0	0	0	0
0	1	0	+	1	12	12	A	A	-	-	4044	0	0	0	3141	0	0	0	2178	0	0	0	760	0	0	0	33	0	0	0	1	0	0	0	0	0	0	0
0	1	0	+	1	13	13	G	G	-	-	0	0	4045	0	0	0	3142	0	0	0	2178	0	0	0	760	0	0	0	33	0	0	0	1	0	0	0	0	0
0	1	0	+	1	14	14	T	T	-	-	1	0	2	4024	0	0	0	3124	0	0	0	2165	0	0	0	760	0	0	0	33	0	0	0	1	0	0	0	0
0	1	0	+	1	15	15	T	T	-	-	0	0	0	4046	0	0	0	3143	0	0	0	2179	0	0	0	760	0	0	0	33	0	0	0	1	0	0	0	0
0	1	0	+	1	16	16	C	C	-	-	1	4037	0	0	0	3135	0	0	0	2173	0	0	0	760	0	0	0	33	0	0	0	1	0	0	0	0	0	0
0	1	0	+	1	17	17	A	A	-	-	4040	1	0	0	3138	0	0	0	2175	0	0	0	760	0	0	0	33	0	0	0	1	0	0	0	0	0	0	0
0	1	0	+	1	18	18	G	G	-	-	0	0	4043	0	0	0	3140	0	0	0	2176	0	0	0	760	0	0	0	33	0	0	0	1	0	0	0	0	0
0	1	0	+	1	19	19	T	T	-	-	0	0	1	4037	0	0	0	3135	0	0	0	2173	0	0	0	760	0	0	0	33	0	0	0	1	0	0	0	0
0	1	0	+	1	20	20	A	A	-	-	4043	0	0	0	3140	0	0	0	2176	0	0	0	760	0	0	0	33	0	0	0	1	0	0	0	0	0	0	0
0	1	0	+	1	21	21	A	A	-	-	4044	0	0	0	3141	0	0	0	2178	0	0	0	760	0	0	0	33	0	0	0	1	0	0	0	0	0	0	0
0	1	0	+	1	22	22	T	T	-	-	0	0	0	4042	0	0	0	3139	0	0	0	2175	0	0	0	760	0	0	0	33	0	0	0	1	0	0	0	0
0	1	0	+	1	23	23	G	G	-	-	0	0	4042	0	0	0	3139	0	0	0	2175	0	0	0	760	0	0	0	33	0	0	0	1	0	0	0	0	0
0	1	0	+	1	24	24	T	T	-	-	0	3	0	4043	0	0	0	3143	0	0	0	2179	0	0	0	760	0	0	0	33	0	0	0	1	0	0	0	0
0	1	0	+	1	25	25	A	A	-	-	4045	0	0	0	3142	0	0	0	2178	0	0	0	760	0	0	0	33	0	0	0	1	0	0	0	0	0	0	0
0	1	0	+	1	26	26	A	A	-	-	4045	0	0	0	3142	0	0	0	2179	0	0	0	760	0	0	0	33	0	0	0	1	0	0	0	0	0	0	0
0	1	0	+	1	27	27	T	T	-	-	0	0	0	4045	0	0	0	3142	0	0	0	2179	0	0	0	760	0	0	0	33	0	0	0	1	0	0	0	0
2	1	0	+	1	28	28	C	C	A	A	5	4036	0	1	3	3136	0	0	1	2177	0	0	0	760	0	0	0	33	0	0	0	1	0	0	0	0	0	0
0	1	0	+	1	29	29	T	T	-	-	0	1	0	4045	0	0	0	3143	0	0	0	2179	0	0	0	760	0	0	0	33	0	0	0	1	0	0	0	0
0	1	0	+	1	30	30	T	T	-	-	1	1	0	4042	0	0	0	3141	0	0	0	2179	0	0	0	760	0	0	0	33	0	0	0	1	0	0	0	0
0	1	0	+	1	31	31	G	G	-	-	2	0	4033	0	0	0	3132	0	0	0	2172	0	0	0	760	0	0	0	33	0	0	0	1	0	0	0	0	0
0	1	0	+	1	32	32	G	G	-	-	2	0	4015	2	0	0	3115	1	0	0	2160	1	0	0	760	0	0	0	33	0	0	0	1	0	0	0	0	0
0	1	0	+	1	33	33	C	C	-	-	1	4038	0	0	0	3136	0	0	0	2176	0	0	0	760	0	0	0	33	0	0	0	1	0	0	0	0	0	0
0	1	0	+	1	34	34	A	A	-	-	4042	0	0	0	3139	0	0	0	2175	0	0	0	760	0	0	0	33	0	0	0	1	0	0	0	0	0	0	0
0	1	0	+	1	35	35	A	A	-	-	4042	0	0	0	3139	0	0	0	2177	0	0	0	760	0	0	0	33	0	0	0	1	0	0	0	0	0	0	0
0	1	0	+	1	36	36	A	A	-	-	4043	0	0	1	3141	0	0	0	2177	0	0	0	760	0	0	0	33	0	0	0	1	0	0	0	0	0	0	0
0	1	0	+	1	37	37	A	A	-	-	4042	0	0	0	3139	0	0	0	2175	0	0	0	760	0	0	0	33	0	0	0	1	0	0	0	0	0	0	0
0	1	0	+	1	38	38	T	T	-	-	0	0	0	4044	0	0	0	3141	0	0	0	2177	0	0	0	760	0	0	0	33	0	0	0	1	0	0	0	0
0	1	0	+	1	39	39	G	G	-	-	1	1	4040	1	0	0	3140	0	0	0	2176	0	0	0	760	0	0	0	33	0	0	0	1	0	0	0	0	0
0	1	0	+	1	40	40	G	G	-	-	1	0	4038	0	0	0	3136	0	0	0	2175	0	0	0	760	0	0	0	33	0	0	0	1	0	0	0	0	0
0	1	0	+	1	41	41	T	T	-	-	1	0	0	4000	0	0	0	3098	0	0	0	2142	0	0	0	760	0	0	0	33	0	0	0	1	0	0	0	0
0	1	0	+	1	42	42	G	G	-	-	0	0	4044	0	0	0	3141	0	0	0	2177	0	0	0	760	0	0	0	33	0	0	0	1	0	0	0	0	0
0	1	0	+	1	43	43	C	C	-	-	0	4045	0	0	0	3142	0	0	0	2178	0	0	0	760	0	0	0	33	0	0	0	1	0	0	0	0	0	0
0	1	0	+	1	44	44	T	T	-	-	1	0	0	4042	0	0	0	3140	0	0	0	2178	0	0	0	760	0	0	0	33	0	0	0	1	0	0	0	0
0	1	0	+	1	45	45	G	G	-	-	1	0	4034	0	0	0	3132	0	0	0	2170	0	0	0	760	0	0	0	33	0	0	0	1	0	0	0	0	0
0	1	0	+	2	0	45	C	G	-	-	0	4034	0	1	0	3132	0	0	0	2169	0	0	0	760	0	0	0	33	0	0	0	1	0	0	0	0	0	0
0	1	0	+	2	1	44	A	T	-	-	4041	1	0	0	3139	0	0	0	2177	0	0	0	760	0	0	0	33	0	0	0	1	0	0	0	0	0	0	0
0	1	0	+	2	2	43	G	C	-	-	0	0	4045	0	0	0	3142	0	0	0	2178	0	0	0	760	0	0	0	33	0	0	0	1	0	0	0	0	0
0	1	0	+	2	3	42	C	G	-	-	1	4041	0	1	0	3140	0	0	0	2176	0	0	0	760	0	0	0	33	0	0	0	1	0	0	0	0	0	0
0	1	0	+	2	4	41	A	T	-	-	4038	1	0	0	3136	0	0	0	2174	0	0	0	760	0	0	0	33	0	0	0	1	0	0	0	0	0	0	0
0	1	0	+	2	5	40	C	G	-	-	0	4044	0	1	0	3142	0	0	0	2178	0	0	0	760	0	0	0	33	0	0	0	1	0	0	0	0	0	0
0	1	0	+	2	6	39	C	G	-	-	2	4041	0	0	0	3140	0	0	0	2176	0	0	0	760	0	0	0	33	0	0	0	1	0	0	0	0	0	0
0	1	0	+	2	7	38	A	T	-	-	4043	0	0	0	3140	0	0	0	2176	0	0	0	760	0	0	0	33	0	0	0	1	0	0	0	0	0	0	0
0	1	0	+	2	8	37	T	A	-	-	0	0	0	4044	0	0	0	3141	0	0	0	2177	0	0	0	760	0	0	0	33	0	0	0	1	0	0	0	0
0	1	0	+	2	9	36	T	A	-	-	0	0	0	4043	0	0	0	3140	0	0	0	2177	0	0	0	760	0	0	0	33	0	0	0	1	0	0	0	0
0	1	0	+	2	10	35	T	A	-	-	0	0	0	4044	0	0	0	3141	0	0	0	2178	0	0	0	760	0	0	0	33	0	0	0	1	0	0	0	0
0	1	0	+	2	11	34	T	A	-	-	0	0	0	4040	0	0	0	3137	0	0	0	2174	0	0	0	760	0	0	0	33	0	0	0	1	0	0	0	0
0	1	0	+	2	12	33	G	C	-	-	0	0	4034	2	0	0	3133	0	0	0	2174	0	0	0	760	0	0	0	33	0	0	0	1	0	0	0	0	0
0	1	0	+	2	13	32	C	G	-	-	2	4018	0	2	1	3118	0	0	1	2161	0	0	0	760	0	0	0	33	0	0	0	1	0	0	0	0	0	0
0	1	0	+	2	14	31	C	G	-	-	0	4032	0	3	0	3132	0	0	0	2173	0	0	0	760	0	0	0	33	0	0	0	1	0	0	0	0	0	0
0	1	0	+	2	15	30	A	T	-	-	4040	0	1	1	3139	0	0	0	2178	0	0	0	760	0	0	0	33	0	0	0	1	0	0	0	0	0	0	0
0	1	0	+	2	16	29	A	T	-	-	4045	0	1	0	3143	0	0	0	2179	0	0	0	760	0	0	0	33	0	0	0	1	0	0	0	0	0	0	0
2	1	0	+	2	17	28	G	C	T	A	0	0	4035	4	0	0	3133	3	0	0	2175	1	0	0	760	0	0	0	33	0	0	0	1	0	0	0	0	0
0	1	0	+	2	18	27	A	T	-	-	4040	0	0	0	3137	0	0	0	2175	0	0	0	760	0	0	0	33	0	0	0	1	0	0	0	0	0	0	0
0	1	0	+	2	19	26	T	A	-	-	0	0	0	4044	0	0	0	3141	0	0	0	2178	0	0	0	760	0	0	0	33	0	0	0	1	0	0	0	0
0	1	0	+	2	20	25	T	A	-	-	0	0	0	4045	0	0	0	3142	0	0	0	2178	0	0	0	760	0	0	0	33	0	0	0	1	0	0	0	0
0	1	0	+	2	21	24	A	T	-	-	4045	0	1	0	3143	0	0	0	2179	0	0	0	760	0	0	0	33	0	0	0	1	0	0	0	0	0	0	0
0	1	0	+	2	22	23	C	G	-	-	0	4042	0	0	0	3139	0	0	0	2175	0	0	0	760	0	0	0	33	0	0	0	1	0	0	0	0	0	0
0	1	0	+	2	23	22	A	T	-	-	4043	0	0	0	3140	0	0	0	2176	0	0	0	760	0	0	0	33	0	0	0	1	0	0	0	0	0	0	0
0	1	0	+	2	24	21	T	A	-	-	0	0	0	4044	0	0	0	3141	0	0	0	2177	0	0	0	760	0	0	0	33	0	0	0	1	0	0	0	0
0	1	0	+	2	25	20	T	A	-	-	0	0	0	4046	0	0	0	3143	0	0	0	2179	0	0	0	760	0	0	0	33	0	0	0	1	0	0	0	0
0	1	0	+	2	26	19	A	T	-	-	4046	0	0	0	3143	0	0	0	2179	0	0	0	760	0	0	0	33	0	0	0	1	0	0	0	0	0	0	0
0	1	0	+	2	27	18	C	G	-	-	1	4043	0	0	0	3141	0	0	0	2177	0	0	0	760	0	0	0	33	0	0	0	1	0	0	0	0	0	0
0	1	0	+	2	28	17	T	A	-	-	0	0	1	4042	0	0	0	3140	0	0	0	2177	0	0	0	760	0	0	0	33	0	0	0	1	0	0	0	0
0	1	0	+	2	29	16	G	C	-	-	0	0	4040	1	0	0	3138	0	0	0	2176	0	0	0	760	0	0	0	33	0	0	0	1	0	0	0	0	0
0	1	0	+	2	30	15	A	T	-	-	4046	0	0	0	3143	0	0	0	2179	0	0	0	760	0	0	0	33	0	0	0	1	0	0	0	0	0	0	0
0	1	0	+	2	31	14	A	T	-	-	4044	0	0	0	3141	0	0	0	2179	0	0	0	760	0	0	0	33	0	0	0	1	0	0	0	0	0	0	0
0	1	0	+	2	32	13	C	G	-	-	0	4042	0	0	0	3139	0	0	0	2177	0	0	0	760	0	0	0	33	0	0	0	1	0	0	0	0	0	0
0	1	0	+	2	33	12	T	A	-	-	0	0	0	4044	0	0	0	3141	0	0	0	2178	0	0	0	760	0	0	0	33	0	0	0	1	0	0	0	0
0	1	0	+	2	34	11	A	T	-	-	4044	0	0	0	3141	0	0	0	2178	0	0	0	760	0	0	0	33	0	0	0	1	0	0	0	0	0	0	0
0	1	0	+	2	35	10	T	A	-	-	0	0	0	4043	0	0	0	3140	0	0	0	2176	0	0	0	760	0	0	0	33	0	0	0	1	0	0	0	0
0	1	0	+	2	36	9	T	A	-	-	0	0	0	4040	0	0	0	3137	0	0	0	2175	0	0	0	759	0	0	0	33	0	0	0	1	0	0	0	0
0	1	0	+	2	37	8	G	C	-	-	0	0	4044	0	0	0	3141	0	0	0	2177	0	0	0	760	0	0	0	33	0	0	0	1	0	0	0	0	0
0	1	0	+	2	38	7	C	G	-	-	2	4041	0	0	0	3140	0	0	0	2177	0	0	0	760	0	0	0	33	0	0	0	1	0	0	0	0	0	0
0	1	0	+	2	39	6	A	T	-	-	4040	0	0	0	3137	0	0	0	2175	0	0	0	760	0	0	0	33	0	0	0	1	0	0	0	0	0	0	0
0	1	0	+	2	40	5	T	A	-	-	0	1	0	4042	0	0	0	3140	0	0	0	2177	0	0	0	760	0	0	0	33	0	0	0	1	0	0	0	0
0	1	0	+	2	41	4	T	A	-	-	0	0	0	4045	0	0	0	3142	0	0	0	2179	0	0	0	760	0	0	0	33	0	0	0	1	0	0	0	0
0	1	0	+	2	42	3	G	C	-	-	0	0	4046	0	0	0	3143	0	0	0	2179	0	0	0	760	0	0	0	33	0	0	0	1	0	0	0	0	0
0	1	0	+	2	43	2	C	G	-	-	0	4041	0	0	0	3138	0	0	0	2178	0	0	0	760	0	0	0	33	0	0	0	1	0	0	0	0	0	0
0	1	0	+	2	44	1	T	A	-	-	0	0	0	4044	0	0	0	3141	0	0	0	2178	0	0	0	760	0	0	0	33	0	0	0	1	0	0	0	0
0	1	0	+	2	45	0	G	C	-	-	0	0	4045	0	0	0	3142	0	0	0	2178	0	0	0	760	0	0	0	33	0	0	0	1	0	0	0	0	0
