target_base	locus_index	reference_index	target_strand	read_index	read_pos	template_pos	expected_read_base	expected_template_base	variant_read_base	variant_template_base	A1	C1	G1	T1	A2	C2	G2	T2	A3	C3	G3	T3	A5	C5	G5	T5	A10	C10	G10	T10	A15	C15	G15	T15	A20	C20	G20	T20
0	13	0	+	1	0	0	G	G	-	-	0	0	4048	1	0	0	2732	0	0	0	1551	0	0	0	382	0	0	0	4	0	0	0	0	0	0	0	0	0
0	13	0	+	1	1	1	C	C	-	-	0	4051	0	0	0	2734	0	0	0	1553	0	0	0	382	0	0	0	4	0	0	0	0	0	0	0	0	0	0
0	13	0	+	1	2	2	T	T	-	-	0	2	0	4051	0	0	0	2736	0	0	0	1554	0	0	0	382	0	0	0	4	0	0	0	0	0	0	0	0
0	13	0	+	1	3	3	G	G	-	-	0	0	4052	1	0	0	2736	0	0	0	1553	0	0	0	382	0	0	0	4	0	0	0	0	0	0	0	0	0
0	13	0	+	1	4	4	T	T	-	-	0	1	0	4050	0	0	0	2734	0	0	0	1553	0	0	0	382	0	0	0	4	0	0	0	0	0	0	0	0
0	13	0	+	1	5	5	A	A	-	-	4052	0	0	0	2735	0	0	0	1554	0	0	0	382	0	0	0	4	0	0	0	0	0	0	0	0	0	0	0
0	13	0	+	1	6	6	C	C	-	-	0	4056	0	0	0	2739	0	0	0	1556	0	0	0	382	0	0	0	4	0	0	0	0	0	0	0	0	0	0
0	13	0	+	1	7	7	T	T	-	-	0	1	1	4052	0	0	0	2737	0	0	0	1554	0	0	0	382	0	0	0	4	0	0	0	0	0	0	0	0
0	13	0	+	1	8	8	A	A	-	-	4055	0	0	0	2738	0	0	0	1556	0	0	0	382	0	0	0	4	0	0	0	0	0	0	0	0	0	0	0
2	13	0	+	1	9	9	A	A	T	T	4044	0	0	7	2729	0	0	5	1548	0	0	3	381	0	0	1	4	0	0	0	0	0	0	0	0	0	0	0
0	13	0	+	1	10	10	T	T	-	-	0	1	0	4054	0	0	0	2738	0	0	0	1555	0	0	0	382	0	0	0	4	0	0	0	0	0	0	0	0
0	13	0	+	1	11	11	G	G	-	-	0	0	4049	0	0	0	2732	0	0	0	1551	0	0	0	382	0	0	0	4	0	0	0	0	0	0	0	0	0
0	13	0	+	1	12	12	G	G	-	-	0	0	4054	0	0	0	2737	0	0	0	1556	0	0	0	382	0	0	0	4	0	0	0	0	0	0	0	0	0
0	13	0	+	1	13	13	T	T	-	-	0	0	1	4040	0	0	0	2724	0	0	0	1546	0	0	0	381	0	0	0	4	0	0	0	0	0	0	0	0
0	13	0	+	1	14	14	T	T	-	-	0	0	0	4055	0	0	0	2738	0	0	0	1556	0	0	0	382	0	0	0	4	0	0	0	0	0	0	0	0
0	13	0	+	1	15	15	C	C	-	-	1	4051	0	1	0	2736	0	0	0	1553	0	0	0	382	0	0	0	4	0	0	0	0	0	0	0	0	0	0
0	13	0	+	1	16	16	A	A	-	-	4053	0	0	0	2736	0	0	0	1553	0	0	0	382	0	0	0	4	0	0	0	0	0	0	0	0	0	0	0
0	13	0	+	1	17	17	A	A	-	-	4052	0	0	1	2736	0	0	0	1554	0	0	0	382	0	0	0	4	0	0	0	0	0	0	0	0	0	0	0
0	13	0	+	1	18	18	A	A	-	-	4056	0	0	0	2739	0	0	0	1556	0	0	0	382	0	0	0	4	0	0	0	0	0	0	0	0	0	0	0
0	13	0	+	1	19	19	C	C	-	-	0	4055	0	0	0	2738	0	0	0	1555	0	0	0	382	0	0	0	4	0	0	0	0	0	0	0	0	0	0
0	13	0	+	1	20	20	C	C	-	-	0	4053	0	1	0	2737	0	0	0	1554	0	0	0	382	0	0	0	4	0	0	0	0	0	0	0	0	0	0
0	13	0	+	1	21	21	T	T	-	-	0	0	0	4054	0	0	0	2737	0	0	0	1555	0	0	0	382	0	0	0	4	0	0	0	0	0	0	0	0
0	13	0	+	1	22	22	A	A	-	-	4056	0	0	0	2739	0	0	0	1556	0	0	0	382	0	0	0	4	0	0	0	0	0	0	0	0	0	0	0
0	13	0	+	1	23	23	C	C	-	-	0	4054	0	0	0	2737	0	0	0	1555	0	0	0	382	0	0	0	4	0	0	0	0	0	0	0	0	0	0
0	13	0	+	1	24	24	C	C	-	-	0	4053	1	0	0	2737	0	0	0	1554	0	0	0	382	0	0	0	4	0	0	0	0	0	0	0	0	0	0
0	13	0	+	1	25	25	A	A	-	-	4049	1	0	0	2733	0	0	0	1553	0	0	0	382	0	0	0	4	0	0	0	0	0	0	0	0	0	0	0
0	13	0	+	1	26	26	T	T	-	-	0	0	0	4056	0	0	0	2739	0	0	0	1556	0	0	0	382	0	0	0	4	0	0	0	0	0	0	0	0
0	13	0	+	1	27	27	T	T	-	-	0	0	0	4056	0	0	0	2739	0	0	0	1556	0	0	0	382	0	0	0	4	0	0	0	0	0	0	0	0
0	13	0	+	1	28	28	T	T	-	-	0	0	0	4054	0	0	0	2737	0	0	0	1554	0	0	0	382	0	0	0	4	0	0	0	0	0	0	0	0
0	13	0	+	1	29	29	C	C	-	-	0	4054	0	0	0	2737	0	0	0	1554	0	0	0	382	0	0	0	4	0	0	0	0	0	0	0	0	0	0
0	13	0	+	1	30	30	T	T	-	-	0	0	0	4051	0	0	0	2734	0	0	0	1552	0	0	0	382	0	0	0	4	0	0	0	0	0	0	0	0
0	13	0	+	1	31	31	T	T	-	-	0	0	0	4053	0	0	0	2736	0	0	0	1554	0	0	0	382	0	0	0	4	0	0	0	0	0	0	0	0
0	13	0	+	1	32	32	C	C	-	-	0	4055	0	0	0	2738	0	0	0	1555	0	0	0	382	0	0	0	4	0	0	0	0	0	0	0	0	0	0
0	13	0	+	1	33	33	T	T	-	-	0	0	0	4056	0	0	0	2739	0	0	0	1556	0	0	0	382	0	0	0	4	0	0	0	0	0	0	0	0
0	13	0	+	1	34	34	G	G	-	-	1	0	4055	0	0	0	2739	0	0	0	1556	0	0	0	382	0	0	0	4	0	0	0	0	0	0	0	0	0
0	13	0	+	1	35	35	A	A	-	-	4053	0	0	0	2736	0	0	0	1555	0	0	0	382	0	0	0	4	0	0	0	0	0	0	0	0	0	0	0
0	13	0	+	1	36	36	T	T	-	-	0	0	0	4055	0	0	0	2738	0	0	0	1555	0	0	0	382	0	0	0	4	0	0	0	0	0	0	0	0
0	13	0	+	1	37	37	T	T	-	-	0	1	0	4055	0	0	0	2739	0	0	0	1556	0	0	0	382	0	0	0	4	0	0	0	0	0	0	0	0
0	13	0	+	1	38	38	G	G	-	-	0	0	4055	0	0	0	2738	0	0	0	1555	0	0	0	382	0	0	0	4	0	0	0	0	0	0	0	0	0
0	13	0	+	1	39	39	G	G	-	-	0	0	4049	3	0	0	2735	0	0	0	1553	0	0	0	382	0	0	0	4	0	0	0	0	0	0	0	0	0
0	13	0	+	1	40	40	T	T	-	-	2	0	0	4047	0	0	0	2732	0	0	0	1551	0	0	0	382	0	0	0	4	0	0	0	0	0	0	0	0
0	13	0	+	1	41	41	C	C	-	-	1	4046	1	0	0	2731	0	0	0	1549	0	0	0	382	0	0	0	4	0	0	0	0	0	0	0	0	0	0
0	13	0	+	1	42	42	A	A	-	-	4054	0	0	0	2737	0	0	0	1555	0	0	0	382	0	0	0	4	0	0	0	0	0	0	0	0	0	0	0
0	13	0	+	1	43	43	A	A	-	-	4053	0	0	0	2736	0	0	0	1554	0	0	0	382	0	0	0	4	0	0	0	0	0	0	0	0	0	0	0
0	13	0	+	1	44	44	T	T	-	-	0	0	0	4054	0	0	0	2737	0	0	0	1554	0	0	0	382	0	0	0	4	0	0	0	0	0	0	0	0
0	13	0	+	2	0	44	A	T	-	-	4056	0	0	0	2739	0	0	0	1556	0	0	0	382	0	0	0	4	0	0	0	0	0	0	0	0	0	0	0
0	13	0	+	2	1	43	T	A	-	-	0	0	0	4055	0	0	0	2738	0	0	0	1556	0	0	0	382	0	0	0	4	0	0	0	0	0	0	0	0
0	13	0	+	2	2	42	T	A	-	-	0	0	0	4054	0	0	0	2737	0	0	0	1555	0	0	0	382	0	0	0	4	0	0	0	0	0	0	0	0
0	13	0	+	2	3	41	G	C	-	-	0	1	4046	1	0	0	2731	0	0	0	1549	0	0	0	382	0	0	0	4	0	0	0	0	0	0	0	0	0
0	13	0	+	2	4	40	A	T	-	-	4053	1	0	0	2737	0	0	0	1554	0	0	0	382	0	0	0	4	0	0	0	0	0	0	0	0	0	0	0
0	13	0	+	2	5	39	C	G	-	-	1	4050	0	0	0	2734	0	0	0	1551	0	0	0	382	0	0	0	4	0	0	0	0	0	0	0	0	0	0
0	13	0	+	2	6	38	C	G	-	-	0	4054	0	0	0	2737	0	0	0	1554	0	0	0	382	0	0	0	4	0	0	0	0	0	0	0	0	0	0
0	13	0	+	2	7	37	A	T	-	-	4055	0	1	0	2739	0	0	0	1556	0	0	0	382	0	0	0	4	0	0	0	0	0	0	0	0	0	0	0
0	13	0	+	2	8	36	A	T	-	-	4054	0	0	0	2737	0	0	0	1554	0	0	0	382	0	0	0	4	0	0	0	0	0	0	0	0	0	0	0
0	13	0	+	2	9	35	T	A	-	-	0	0	0	4054	0	0	0	2737	0	0	0	1555	0	0	0	382	0	0	0	4	0	0	0	0	0	0	0	0
0	13	0	+	2	10	34	C	G	-	-	0	4055	0	1	0	2739	0	0	0	1556	0	0	0	382	0	0	0	4	0	0	0	0	0	0	0	0	0	0
0	13	0	+	2	11	33	A	T	-	-	4055	0	0	0	2738	0	0	0	1555	0	0	0	382	0	0	0	4	0	0	0	0	0	0	0	0	0	0	0
0	13	0	+	2	12	32	G	C	-	-	0	0	4056	0	0	0	2739	0	0	0	1556	0	0	0	382	0	0	0	4	0	0	0	0	0	0	0	0	0
0	13	0	+	2	13	31	A	T	-	-	4049	0	1	0	2733	0	0	0	1552	0	0	0	382	0	0	0	4	0	0	0	0	0	0	0	0	0	0	0
0	13	0	+	2	14	30	A	T	-	-	4055	0	0	0	2738	0	0	0	1555	0	0	0	382	0	0	0	4	0	0	0	0	0	0	0	0	0	0	0
0	13	0	+	2	15	29	G	C	-	-	0	0	4053	2	0	0	2738	0	0	0	1555	0	0	0	382	0	0	0	4	0	0	0	0	0	0	0	0	0
0	13	0	+	2	16	28	A	T	-	-	4054	0	0	0	2737	0	0	0	1554	0	0	0	382	0	0	0	4	0	0	0	0	0	0	0	0	0	0	0
0	13	0	+	2	17	27	A	T	-	-	4055	0	0	0	2738	0	0	0	1555	0	0	0	382	0	0	0	4	0	0	0	0	0	0	0	0	0	0	0
0	13	0	+	2	18	26	A	T	-	-	4055	0	1	0	2739	0	0	0	1556	0	0	0	382	0	0	0	4	0	0	0	0	0	0	0	0	0	0	0
0	13	0	+	2	19	25	T	A	-	-	0	0	0	4054	0	0	0	2737	0	0	0	1554	0	0	0	382	0	0	0	4	0	0	0	0	0	0	0	0
0	13	0	+	2	20	24	G	C	-	-	0	1	4051	1	0	0	2736	0	0	0	1553	0	0	0	382	0	0	0	4	0	0	0	0	0	0	0	0	0
0	13	0	+	2	21	23	G	C	-	-	0	0	4053	0	0	0	2736	0	0	0	1554	0	0	0	382	0	0	0	4	0	0	0	0	0	0	0	0	0
0	13	0	+	2	22	22	T	A	-	-	8	0	1	3997	0	0	0	2689	0	0	0	1522	0	0	0	382	0	0	0	4	0	0	0	0	0	0	0	0
0	13	0	+	2	23	21	A	T	-	-	4053	0	0	0	2736	0	0	0	1555	0	0	0	382	0	0	0	4	0	0	0	0	0	0	0	0	0	0	0
0	13	0	+	2	24	20	G	C	-	-	1	0	4052	0	0	0	2736	0	0	0	1553	0	0	0	382	0	0	0	4	0	0	0	0	0	0	0	0	0
0	13	0	+	2	25	19	G	C	-	-	0	0	4055	0	0	0	2738	0	0	0	1555	0	0	0	382	0	0	0	4	0	0	0	0	0	0	0	0	0
0	13	0	+	2	26	18	T	A	-	-	0	2	2	4026	0	0	0	2713	0	0	0	1539	0	0	0	382	0	0	0	4	0	0	0	0	0	0	0	0
0	13	0	+	2	27	17	T	A	-	-	2	0	0	4053	0	0	0	2738	0	0	0	1556	0	0	0	382	0	0	0	4	0	0	0	0	0	0	0	0
0	13	0	+	2	28	16	T	A	-	-	0	0	1	4053	0	0	0	2737	0	0	0	1554	0	0	0	382	0	0	0	4	0	0	0	0	0	0	0	0
0	13	0	+	2	29	15	G	C	-	-	0	0	4054	1	0	0	2738	0	0	0	1555	0	0	0	382	0	0	0	4	0	0	0	0	0	0	0	0	0
0	13	0	+	2	30	14	A	T	-	-	4055	0	0	0	2738	0	0	0	1556	0	0	0	382	0	0	0	4	0	0	0	0	0	0	0	0	0	0	0
0	13	0	+	2	31	13	A	T	-	-	4056	0	0	0	2739	0	0	0	1556	0	0	0	382	0	0	0	4	0	0	0	0	0	0	0	0	0	0	0
0	13	0	+	2	32	12	C	G	-	-	0	4053	0	0	0	2736	0	0	0	1555	0	0	0	382	0	0	0	4	0	0	0	0	0	0	0	0	0	0
0	13	0	+	2	33	11	C	G	-	-	0	4055	0	0	0	2738	0	0	0	1556	0	0	0	382	0	0	0	4	0	0	0	0	0	0	0	0	0	0
0	13	0	+	2	34	10	A	T	-	-	4054	0	1	0	2738	0	0	0	1555	0	0	0	382	0	0	0	4	0	0	0	0	0	0	0	0	0	0	0
2	13	0	+	2	35	9	T	A	A	T	7	0	0	4045	5	0	0	2730	3	0	0	1549	1	0	0	381	0	0	0	4	0	0	0	0	0	0	0	0
0	13	0	+	2	36	8	T	A	-	-	0	0	0	4055	0	0	0	2738	0	0	0	1556	0	0	0	382	0	0	0	4	0	0	0	0	0	0	0	0
0	13	0	+	2	37	7	A	T	-	-	4051	0	1	0	2735	0	0	0	1552	0	0	0	382	0	0	0	4	0	0	0	0	0	0	0	0	0	0	0
0	13	0	+	2	38	6	G	C	-	-	0	0	4053	0	0	0	2736	0	0	0	1553	0	0	0	382	0	0	0	4	0	0	0	0	0	0	0	0	0
0	13	0	+	2	39	5	T	A	-	-	1	2	2	4019	0	0	0	2707	0	0	0	1536	0	0	0	381	0	0	0	4	0	0	0	0	0	0	0	0
0	13	0	+	2	40	4	A	T	-	-	4054	0	1	0	2738	0	0	0	1555	0	0	0	382	0	0	0	4	0	0	0	0	0	0	0	0	0	0	0
0	13	0	+	2	41	3	C	G	-	-	0	4053	0	0	0	2736	0	0	0	1554	0	0	0	382	0	0	0	4	0	0	0	0	0	0	0	0	0	0
0	13	0	+	2	42	2	A	T	-	-	4050	0	2	0	2735	0	0	0	1553	0	0	0	382	0	0	0	4	0	0	0	0	0	0	0	0	0	0	0
0	13	0	+	2	43	1	G	C	-	-	0	0	4015	8	0	0	2706	0	0	0	1537	0	0	0	382	0	0	0	4	0	0	0	0	0	0	0	0	0
0	13	0	+	2	44	0	C	G	-	-	1	4049	0	0	0	2733	0	0	0	1551	0	0	0	382	0	0	0	4	0	0	0	0	0	0	0	0	0	0
