target_base	locus_index	reference_index	target_strand	read_index	read_pos	template_pos	expected_read_base	expected_template_base	variant_read_base	variant_template_base	A1	C1	G1	T1	A2	C2	G2	T2	A3	C3	G3	T3	A5	C5	G5	T5	A10	C10	G10	T10	A15	C15	G15	T15	A20	C20	G20	T20
0	28	0	+	1	0	0	G	G	-	-	0	1	4162	1	0	0	2430	0	0	0	1161	0	0	0	216	0	0	0	2	0	0	0	0	0	0	0	0	0
0	28	0	+	1	1	1	G	G	-	-	0	0	4160	0	0	0	2426	0	0	0	1158	0	0	0	216	0	0	0	2	0	0	0	0	0	0	0	0	0
0	28	0	+	1	2	2	A	A	-	-	4162	0	1	1	2430	0	0	0	1161	0	0	0	216	0	0	0	2	0	0	0	0	0	0	0	0	0	0	0
0	28	0	+	1	3	3	C	C	-	-	0	4163	0	0	0	2429	0	0	0	1161	0	0	0	216	0	0	0	2	0	0	0	0	0	0	0	0	0	0
0	28	0	+	1	4	4	C	C	-	-	1	4156	0	0	0	2423	0	0	0	1155	0	0	0	216	0	0	0	2	0	0	0	0	0	0	0	0	0	0
0	28	0	+	1	5	5	A	A	-	-	4162	1	0	0	2429	0	0	0	1161	0	0	0	216	0	0	0	2	0	0	0	0	0	0	0	0	0	0	0
0	28	0	+	1	6	6	G	G	-	-	1	1	3431	200	0	0	1882	17	0	0	859	1	0	0	186	0	0	0	2	0	0	0	0	0	0	0	0	0
0	28	0	+	1	7	7	A	A	-	-	4164	1	0	0	2431	0	0	0	1162	0	0	0	216	0	0	0	2	0	0	0	0	0	0	0	0	0	0	0
0	28	0	+	1	8	8	A	A	-	-	4163	1	1	0	2431	0	0	0	1162	0	0	0	216	0	0	0	2	0	0	0	0	0	0	0	0	0	0	0
0	28	0	+	1	9	9	A	A	-	-	4163	1	0	0	2430	0	0	0	1162	0	0	0	216	0	0	0	2	0	0	0	0	0	0	0	0	0	0	0
0	28	0	+	1	10	10	G	G	-	-	1	0	4152	5	0	0	2424	0	0	0	1157	0	0	0	216	0	0	0	2	0	0	0	0	0	0	0	0	0
0	28	0	+	1	11	11	A	A	-	-	4161	0	1	0	2428	0	0	0	1159	0	0	0	216	0	0	0	2	0	0	0	0	0	0	0	0	0	0	0
0	28	0	+	1	12	12	G	G	-	-	0	0	4164	1	0	0	2431	0	0	0	1162	0	0	0	216	0	0	0	2	0	0	0	0	0	0	0	0	0
0	28	0	+	1	13	13	A	A	-	-	4163	0	0	0	2429	0	0	0	1161	0	0	0	216	0	0	0	2	0	0	0	0	0	0	0	0	0	0	0
0	28	0	+	1	14	14	G	G	-	-	0	1	3599	149	0	0	2010	5	0	0	923	0	0	0	195	0	0	0	2	0	0	0	0	0	0	0	0	0
0	28	0	+	1	15	15	A	A	-	-	4161	0	1	1	2429	0	0	0	1162	0	0	0	216	0	0	0	2	0	0	0	0	0	0	0	0	0	0	0
0	28	0	+	1	16	16	T	T	-	-	0	0	1	4163	0	0	0	2430	0	0	0	1161	0	0	0	216	0	0	0	2	0	0	0	0	0	0	0	0
0	28	0	+	1	17	17	A	A	-	-	4165	0	0	0	2431	0	0	0	1162	0	0	0	216	0	0	0	2	0	0	0	0	0	0	0	0	0	0	0
0	28	0	+	1	18	18	A	A	-	-	4162	0	0	0	2428	0	0	0	1160	0	0	0	216	0	0	0	2	0	0	0	0	0	0	0	0	0	0	0
0	28	0	+	1	19	19	G	G	-	-	0	0	4162	0	0	0	2428	0	0	0	1160	0	0	0	216	0	0	0	2	0	0	0	0	0	0	0	0	0
0	28	0	+	1	20	20	T	T	-	-	3	9	1	4104	0	0	0	2383	0	0	0	1136	0	0	0	215	0	0	0	2	0	0	0	0	0	0	0	0
0	28	0	+	1	21	21	G	G	-	-	0	0	4164	0	0	0	2430	0	0	0	1161	0	0	0	216	0	0	0	2	0	0	0	0	0	0	0	0	0
0	28	0	+	1	22	22	A	A	-	-	4159	1	0	0	2426	0	0	0	1159	0	0	0	216	0	0	0	2	0	0	0	0	0	0	0	0	0	0	0
0	28	0	+	1	23	23	A	A	-	-	4164	0	0	0	2430	0	0	0	1161	0	0	0	216	0	0	0	2	0	0	0	0	0	0	0	0	0	0	0
0	28	0	+	1	24	24	C	C	-	-	0	4161	1	0	0	2428	0	0	0	1160	0	0	0	216	0	0	0	2	0	0	0	0	0	0	0	0	0	0
0	28	0	+	1	25	25	A	A	-	-	4159	0	0	0	2425	0	0	0	1158	0	0	0	216	0	0	0	2	0	0	0	0	0	0	0	0	0	0	0
0	28	0	+	1	26	26	C	C	-	-	0	4161	0	0	0	2427	0	0	0	1161	0	0	0	216	0	0	0	2	0	0	0	0	0	0	0	0	0	0
0	28	0	+	1	27	27	A	A	-	-	4164	0	0	0	2430	0	0	0	1161	0	0	0	216	0	0	0	2	0	0	0	0	0	0	0	0	0	0	0
0	28	0	+	1	28	28	A	A	-	-	4164	0	0	0	2430	0	0	0	1161	0	0	0	216	0	0	0	2	0	0	0	0	0	0	0	0	0	0	0
0	28	0	+	1	29	29	C	C	-	-	1	4161	0	2	0	2430	0	0	0	1162	0	0	0	216	0	0	0	2	0	0	0	0	0	0	0	0	0	0
2	28	0	+	1	30	30	G	G	A	A	5	0	4157	1	3	0	2426	0	2	0	1158	0	0	0	216	0	0	0	2	0	0	0	0	0	0	0	0	0
0	28	0	+	1	31	31	G	G	-	-	0	0	4163	0	0	0	2429	0	0	0	1161	0	0	0	216	0	0	0	2	0	0	0	0	0	0	0	0	0
0	28	0	+	1	32	32	A	A	-	-	4164	0	0	1	2431	0	0	0	1162	0	0	0	216	0	0	0	2	0	0	0	0	0	0	0	0	0	0	0
0	28	0	+	1	33	33	C	C	-	-	0	4164	0	0	0	2430	0	0	0	1161	0	0	0	216	0	0	0	2	0	0	0	0	0	0	0	0	0	0
0	28	0	+	1	34	34	A	A	-	-	4164	0	0	0	2430	0	0	0	1162	0	0	0	216	0	0	0	2	0	0	0	0	0	0	0	0	0	0	0
0	28	0	+	1	35	35	T	T	-	-	0	0	0	4165	0	0	0	2431	0	0	0	1162	0	0	0	216	0	0	0	2	0	0	0	0	0	0	0	0
0	28	0	+	1	36	36	T	T	-	-	0	0	0	4160	0	0	0	2426	0	0	0	1158	0	0	0	216	0	0	0	2	0	0	0	0	0	0	0	0
0	28	0	+	2	0	36	A	T	-	-	4155	1	0	0	2422	0	0	0	1156	0	0	0	216	0	0	0	2	0	0	0	0	0	0	0	0	0	0	0
0	28	0	+	2	1	35	A	T	-	-	4163	0	0	0	2429	0	0	0	1160	0	0	0	216	0	0	0	2	0	0	0	0	0	0	0	0	0	0	0
0	28	0	+	2	2	34	T	A	-	-	0	0	0	4164	0	0	0	2430	0	0	0	1162	0	0	0	216	0	0	0	2	0	0	0	0	0	0	0	0
0	28	0	+	2	3	33	G	C	-	-	0	0	4163	0	0	0	2429	0	0	0	1160	0	0	0	216	0	0	0	2	0	0	0	0	0	0	0	0	0
0	28	0	+	2	4	32	T	A	-	-	1	0	2	4157	0	0	0	2426	0	0	0	1159	0	0	0	215	0	0	0	2	0	0	0	0	0	0	0	0
0	28	0	+	2	5	31	C	G	-	-	0	4160	0	0	0	2426	0	0	0	1159	0	0	0	216	0	0	0	2	0	0	0	0	0	0	0	0	0	0
2	28	0	+	2	6	30	C	G	T	A	1	4155	0	6	0	2425	0	3	0	1158	0	2	0	216	0	0	0	2	0	0	0	0	0	0	0	0	0	0
0	28	0	+	2	7	29	G	C	-	-	2	0	4162	0	0	0	2430	0	0	0	1162	0	0	0	216	0	0	0	2	0	0	0	0	0	0	0	0	0
0	28	0	+	2	8	28	T	A	-	-	1	0	0	4160	0	0	0	2427	0	0	0	1159	0	0	0	216	0	0	0	2	0	0	0	0	0	0	0	0
0	28	0	+	2	9	27	T	A	-	-	0	0	0	4163	0	0	0	2429	0	0	0	1160	0	0	0	216	0	0	0	2	0	0	0	0	0	0	0	0
0	28	0	+	2	10	26	G	C	-	-	0	0	4162	0	0	0	2428	0	0	0	1161	0	0	0	216	0	0	0	2	0	0	0	0	0	0	0	0	0
0	28	0	+	2	11	25	T	A	-	-	2	1	1	4149	0	0	0	2419	0	0	0	1157	0	0	0	216	0	0	0	2	0	0	0	0	0	0	0	0
0	28	0	+	2	12	24	G	C	-	-	0	1	4162	0	0	0	2429	0	0	0	1162	0	0	0	216	0	0	0	2	0	0	0	0	0	0	0	0	0
0	28	0	+	2	13	23	T	A	-	-	0	0	0	4159	0	0	0	2425	0	0	0	1158	0	0	0	216	0	0	0	2	0	0	0	0	0	0	0	0
0	28	0	+	2	14	22	T	A	-	-	0	0	0	4162	0	0	0	2428	0	0	0	1161	0	0	0	216	0	0	0	2	0	0	0	0	0	0	0	0
0	28	0	+	2	15	21	C	G	-	-	1	4161	0	0	0	2428	0	0	0	1161	0	0	0	216	0	0	0	2	0	0	0	0	0	0	0	0	0	0
0	28	0	+	2	16	20	A	T	-	-	4160	1	1	0	2428	0	0	0	1160	0	0	0	216	0	0	0	2	0	0	0	0	0	0	0	0	0	0	0
0	28	0	+	2	17	19	C	G	-	-	0	4163	0	0	0	2429	0	0	0	1161	0	0	0	216	0	0	0	2	0	0	0	0	0	0	0	0	0	0
0	28	0	+	2	18	18	T	A	-	-	0	1	0	4162	0	0	0	2429	0	0	0	1161	0	0	0	216	0	0	0	2	0	0	0	0	0	0	0	0
0	28	0	+	2	19	17	T	A	-	-	0	0	0	4165	0	0	0	2431	0	0	0	1162	0	0	0	216	0	0	0	2	0	0	0	0	0	0	0	0
0	28	0	+	2	20	16	A	T	-	-	4165	0	0	0	2431	0	0	0	1162	0	0	0	216	0	0	0	2	0	0	0	0	0	0	0	0	0	0	0
0	28	0	+	2	21	15	T	A	-	-	0	1	0	4163	0	0	0	2430	0	0	0	1162	0	0	0	216	0	0	0	2	0	0	0	0	0	0	0	0
0	28	0	+	2	22	14	C	G	-	-	1	4162	0	0	0	2429	0	0	0	1162	0	0	0	216	0	0	0	2	0	0	0	0	0	0	0	0	0	0
0	28	0	+	2	23	13	T	A	-	-	0	0	0	4162	0	0	0	2428	0	0	0	1160	0	0	0	216	0	0	0	2	0	0	0	0	0	0	0	0
0	28	0	+	2	24	12	C	G	-	-	2	4163	0	0	0	2431	0	0	0	1162	0	0	0	216	0	0	0	2	0	0	0	0	0	0	0	0	0	0
0	28	0	+	2	25	11	T	A	-	-	0	1	0	4161	0	0	0	2428	0	0	0	1159	0	0	0	216	0	0	0	2	0	0	0	0	0	0	0	0
0	28	0	+	2	26	10	C	G	-	-	0	4164	0	0	0	2430	0	0	0	1161	0	0	0	216	0	0	0	2	0	0	0	0	0	0	0	0	0	0
0	28	0	+	2	27	9	T	A	-	-	0	0	0	4163	0	0	0	2429	0	0	0	1161	0	0	0	216	0	0	0	2	0	0	0	0	0	0	0	0
0	28	0	+	2	28	8	T	A	-	-	0	1	0	4163	0	0	0	2430	0	0	0	1162	0	0	0	216	0	0	0	2	0	0	0	0	0	0	0	0
0	28	0	+	2	29	7	T	A	-	-	1	0	0	4164	0	0	0	2431	0	0	0	1162	0	0	0	216	0	0	0	2	0	0	0	0	0	0	0	0
0	28	0	+	2	30	6	C	G	-	-	0	4164	0	0	0	2430	0	0	0	1162	0	0	0	216	0	0	0	2	0	0	0	0	0	0	0	0	0	0
0	28	0	+	2	31	5	T	A	-	-	0	0	0	4163	0	0	0	2429	0	0	0	1161	0	0	0	216	0	0	0	2	0	0	0	0	0	0	0	0
0	28	0	+	2	32	4	G	C	-	-	0	0	4162	1	0	0	2429	0	0	0	1160	0	0	0	216	0	0	0	2	0	0	0	0	0	0	0	0	0
0	28	0	+	2	33	3	G	C	-	-	1	0	4163	0	0	0	2430	0	0	0	1162	0	0	0	216	0	0	0	2	0	0	0	0	0	0	0	0	0
0	28	0	+	2	34	2	T	A	-	-	0	1	1	4157	0	0	0	2425	0	0	0	1158	0	0	0	216	0	0	0	2	0	0	0	0	0	0	0	0
0	28	0	+	2	35	1	C	G	-	-	0	4163	0	0	0	2429	0	0	0	1161	0	0	0	216	0	0	0	2	0	0	0	0	0	0	0	0	0	0
0	28	0	+	2	36	0	C	G	-	-	1	4163	0	1	0	2431	0	0	0	1162	0	0	0	216	0	0	0	2	0	0	0	0	0	0	0	0	0	0
