Region Index	Ref Sequence Index	Number of Tags	Number of Aligned Tags	Fraction Aligned Tags	Number of Processed Reads	Number of Aligned Reads	Fraction Aligned Reads
0	0	1058	220	0.20793950850661624	1058	220	0.20793950850661624
1	0	0	0	0.0	0	0	0.0
2	0	0	0	0.0	0	0	0.0
3	0	0	0	0.0	0	0	0.0
4	0	170	0	0.0	170	0	0.0
5	0	48	43	0.8958333333333334	48	43	0.8958333333333334
6	0	0	0	0.0	0	0	0.0
7	0	123	28	0.22764227642276422	123	28	0.22764227642276422
8	0	0	0	0.0	0	0	0.0
9	0	0	0	0.0	0	0	0.0
10	0	0	0	0.0	0	0	0.0
11	0	0	0	0.0	0	0	0.0
12	0	0	0	0.0	0	0	0.0
13	0	0	0	0.0	0	0	0.0
14	0	0	0	0.0	0	0	0.0
15	0	0	0	0.0	0	0	0.0
16	0	0	0	0.0	0	0	0.0
17	0	0	0	0.0	0	0	0.0
18	0	0	0	0.0	0	0	0.0
19	0	0	0	0.0	0	0	0.0
20	0	0	0	0.0	0	0	0.0
21	0	0	0	0.0	0	0	0.0
22	0	0	0	0.0	0	0	0.0
23	0	1	0	0.0	1	0	0.0
24	0	120	1	0.008333333333333333	120	1	0.008333333333333333
25	0	0	0	0.0	0	0	0.0
26	0	0	0	0.0	0	0	0.0
27	0	2	0	0.0	2	0	0.0
28	0	0	0	0.0	0	0	0.0
29	0	0	0	0.0	0	0	0.0
30	0	6	5	0.8333333333333334	6	5	0.8333333333333334
31	0	0	0	0.0	0	0	0.0
32	0	205	186	0.9073170731707317	205	186	0.9073170731707317
33	0	0	0	0.0	0	0	0.0
34	0	130	16	0.12307692307692308	130	16	0.12307692307692308
35	0	0	0	0.0	0	0	0.0
36	0	0	0	0.0	0	0	0.0
37	0	0	0	0.0	0	0	0.0
38	0	1314	0	0.0	1314	0	0.0
39	0	15	12	0.8	15	12	0.8
40	0	0	0	0.0	0	0	0.0
41	0	0	0	0.0	0	0	0.0
42	0	0	0	0.0	0	0	0.0
43	0	0	0	0.0	0	0	0.0
44	0	0	0	0.0	0	0	0.0
45	0	0	0	0.0	0	0	0.0
46	0	1	0	0.0	1	0	0.0
47	0	0	0	0.0	0	0	0.0
48	0	0	0	0.0	0	0	0.0
49	0	0	0	0.0	0	0	0.0
